,problem,f_val_opt,f_evals,comp_budget,success_crit_x,success_crit_f,6,7,8,9,10,11,12,13,14,15
0,Zakharov Function,0.4981552356071793,500,500,0.3742983948231815,0.4981552356071793,0.2081588876855593,0.04590268715793833,-0.274492264960537,0.18436680564265123,0.08267422976691377,0.02141211956793254,-0.06415497326162868,0.3742983948231815,-0.3111440513961147,-0.10586611365780141
1,Zakharov Function,35.5325179576664,500,500,3.4126930988459288,35.5325179576664,-1.843658259678251,0.13063501492828503,2.1831943210139366,-1.9511086457360913,2.29873586458361,3.4126930988459288,-2.03211645152413,-1.0129575143721214,0.38572126531246986,-0.9081615498276068
2,Zakharov Function,65.93162005279042,500,500,4.7710661137053645,65.93162005279042,-0.2889447891188216,-0.13785873750406016,4.623332516288382,-4.7710661137053645,-0.6645841508294095,0.6116717929419638,-2.9769723609562675,0.643302477509386,3.287935495946506,-0.7629498962393899
3,Zakharov Function,85.16709157350526,500,500,5.255937227985043,85.16709157350526,1.1073409694361795,2.6943842741570263,2.5262747537352515,-1.304415083387997,5.255937227985043,-3.448995574324634,2.0044935812939597,1.2688756717448375,-4.189300684288041,0.1887176930269825
4,Zakharov Function,0.104692059614727,500,500,0.15974762472185172,0.104692059614727,-0.0914929049729363,-0.0631985898395126,0.03194763582574855,0.04305225917323538,-0.08528651221798382,0.10980840635470324,-0.06307257086971779,0.09898195588153826,0.13258406426667452,-0.15974762472185172
5,Zakharov Function,98.05687748851773,500,500,5.569788802274331,98.05687748851773,-0.30622595305534733,5.569788802274331,4.419915576576804,-4.61137590829853,-1.5831743003263439,-0.6776393588769987,-3.183847198511163,0.24322834442495012,-0.10798131732369254,2.470269062840591
6,Zakharov Function,20.67362166316478,500,500,2.6851776679487624,20.67362166316478,-1.6702240913303004,1.323021905460137,0.674598560390199,-1.2766193919475495,1.4671234395727526,2.6851776679487624,-0.9112198659288844,0.9412811161806061,-0.7431864124449854,-1.5110608509340198
7,Zakharov Function,5.949166010368903,500,500,1.695385830729367,5.949166010368903,-0.11816183077835735,-0.8816315119766278,0.5697184302787909,-0.17807239072587722,0.3721662688898534,-0.5559600077244813,-0.6640813793844532,-0.4446768692054378,1.695385830729367,-0.5896550243382619
8,Zakharov Function,30.181405750284338,500,500,3.220502699172286,30.181405750284338,-0.10625007884761617,0.7940828546299988,-0.13126146652081527,2.062120264070187,-0.6094656750495553,-0.9403987652331147,-2.7235600706830962,3.220502699172286,-2.0809360880285483,1.242981415679585
9,Zakharov Function,1.0575769585388382,500,500,0.8134773838094083,1.0575769585388382,0.8134773838094083,0.2709934718851321,0.1085074281486545,-0.33472624179616944,0.24339186922577566,0.05937082003999082,-0.10281467100107247,-0.1368682344576374,0.10054226926858867,-0.15284369749298737
10,Zakharov Function,0.4543315707658911,500,500,0.5676250667601677,0.4543315707658911,0.05728624486685843,-0.5676250667601677,0.0018102051776006378,0.2273353979862815,0.14671350373739253,-0.13501300344414977,0.09333074045244907,0.12542464323964084,-0.041502865346062096,-0.1058099927080205
11,Zakharov Function,3.7838836026724527,500,500,1.0363928241562723,3.7838836026724527,0.7860687591102204,0.3218513090639655,-0.8378336035324432,-0.1091586841280685,-1.0363928241562723,0.5057151626095647,0.16612434206615778,0.6791594876345353,0.059102804255581565,-0.22747746993390083
12,Zakharov Function,46.45297226723327,500,500,4.377257102353074,46.45297226723327,1.336548919272182,1.3534843543458972,1.229306756634861,-1.9351794886490885,1.9305953421348998,-4.377257102353074,-2.557933301134685,2.283106114273317,1.4710356759676233,0.16101648438382654
13,Zakharov Function,1.9657326807034492,500,500,0.7969412536467055,1.9657326807034492,0.4395904139197242,-0.23953606272439987,0.052513706833585146,-0.45300341473346206,-0.0210885745256447,-0.758892886915808,-0.43550900145149285,0.7969412536467055,0.3115298005679947,0.0033781632431644226
14,Zakharov Function,57.24199615342069,500,500,3.838967628989664,57.24199615342069,-0.07852628712064824,-0.2944606051670493,-3.443409175154456,-1.7141442772949205,3.838967628989664,-2.784638469877563,1.1881172292744777,-0.055215623473136244,-2.8209357600629357,3.2161160956076493
15,Zakharov Function,2.9665674267828193,500,500,0.9076974446102563,2.9665674267828193,-0.2966600299743167,0.10222795522873551,-0.9076974446102563,-0.2673906418310423,0.5005094291502548,-0.834903983722846,0.8550841375987495,0.24760353726662,-0.33436327512668473,0.07901509412233595
16,Zakharov Function,145.76816561988232,500,500,7.429581609764552,145.76816561988232,1.0474874492044344,-1.4509793380240321,4.019918360379339,-3.6019942649518297,7.429581609764552,-2.69298341180841,4.27644313027979,-1.9267614066002834,-5.072575084863901,1.2451710723087763
17,Zakharov Function,0.027472169730722657,500,500,0.09470056690716794,0.027472169730722657,0.06676031220174025,0.05548703471418863,-0.04517093510659438,-0.04304137598961945,0.05252358675270292,0.020154397624742137,-0.09470056690716794,-0.007592675979815472,0.055263051985679816,0.0028880840651304765
18,Zakharov Function,349.50455251266567,500,500,13.099851837689293,349.50455251266567,1.8918905126303178,-1.85348769633215,7.048858642853183,5.8627739702467965,-1.7821072475161188,-3.489402708061834,6.710994927172473,-13.099851837689293,-0.584409657881225,4.780660958707344
19,Zakharov Function,0.20472475427222733,500,500,0.27869113046716054,0.20472475427222733,0.1654931570526788,-0.0066399819290787025,-0.07915351373322224,-0.1914406083557005,0.029109346155512722,-0.059216199327369046,0.1522006438650006,-0.27869113046716054,0.12235433069085311,0.09914813243732387
20,Zakharov Function,9.799617717441693,500,500,2.6553210340670232,9.799617717441693,-0.2395438993999383,-0.1264268674448954,0.016688631097860118,0.04180730033966293,-1.286516397274698,0.036120960981891534,2.6553210340670232,-0.8889360154353416,-0.3609539506228452,-0.11822833702113927
21,Zakharov Function,0.8073965408384778,500,500,0.6283697490196406,0.8073965408384778,0.05611533984003449,0.6283697490196406,0.2169255403216832,-0.00574867443832866,-0.014712421285447586,0.34030616266811803,-0.05199072348984432,-0.37731193486362163,-0.06271012038060775,0.06243960212114334
22,Zakharov Function,79.85926066995746,500,500,4.950922728113498,79.85926066995746,1.5707965126942731,-1.9904589419363505,0.30725392127294804,1.4951436086487746,-3.866767250518045,-2.3538801987264044,0.9569892370430835,-4.950922728113498,4.042307995720287,2.7266330041776334
23,Zakharov Function,0.04419949260635346,500,500,0.11372579434809807,0.04419949260635346,-0.04868034546295477,0.091351742842846,-0.11372579434809807,0.05661946034498906,0.07422809262350918,0.051134022250560435,0.037920517149200646,-0.0504409078204639,-0.006054052860570286,-0.038265288782799195
24,Zakharov Function,52.968204229136624,500,500,4.104865124664827,52.968204229136624,1.2419553317690006,2.692891786250912,1.8931154453520245,1.0854448178301237,-2.3465534682001907,-2.0774347531444435,-0.7006707649517727,-3.394562607612088,4.104865124664827,0.1280839120323977
25,Zakharov Function,12.16909704836146,500,500,2.3078211784661784,12.16909704836146,-0.21950330593107736,-2.3078211784661784,-0.8657540763356497,1.0318104418662775,0.9772258992465941,0.9318471977816104,1.1737981472865018,-0.27602586224441505,-0.9729159202370468,-0.3074899036472895
26,Zakharov Function,9.10602084491779,500,500,1.6838514333386208,9.10602084491779,-0.2781551717055628,0.496940676909307,-0.4938327667136091,-0.07757778839877727,-1.2084054636860198,0.1896708770882085,1.3362701590503876,-1.0603348130735957,1.6838514333386208,-0.8824883896271041
27,Zakharov Function,16.611960027633373,500,500,2.068321259122615,16.611960027633373,-0.48345412917111247,-0.3048591819172758,-1.2693887297697493,-0.987124052074948,-1.8468690707544684,2.068321259122615,1.6529135328989408,-0.9343130014133864,0.9668675233480905,-0.8532494066696827
28,Zakharov Function,0.5456852835040104,500,500,0.34114826740537035,0.5456852835040104,0.08250371590057115,-0.2122405338958099,0.15334319605075436,-0.2900823032265467,0.07324239734396754,-0.34114826740537035,0.2110949074423046,-0.22282994294261108,0.1712559100334845,0.2084704881615745
29,Zakharov Function,10.349250411708603,500,500,2.449976864994653,10.349250411708603,-0.10312723020698472,0.13221631185039193,0.04907618982038045,-0.6690647879456129,0.4395338552556953,-2.449976864994653,0.5608398309386163,1.5191648576996657,0.6743850603196919,-0.6496819350248084
30,Zakharov Function,2.1156125394233936,500,500,1.0133692200674664,2.1156125394233936,-0.08006225901278807,0.2237674051033144,-0.21896389253788662,-0.06729778954469495,-0.4538144302139885,-0.8056839426648649,0.06610983896161865,-0.1998011008870032,1.0133692200674664,0.022245161774551145
31,Zakharov Function,139.59472191481416,500,500,6.78746161800711,139.59472191481416,-2.123816828856582,-1.8713365282424035,-0.6973637390995586,0.7134797756019238,-5.983841903420684,-6.78746161800711,3.6738355630647517,2.267774178940707,-1.7106380534178225,4.948167674394717
32,Zakharov Function,3.04253202134542,500,500,1.0495858730867949,3.04253202134542,-0.2324175622811845,0.4542570570722584,-0.6106492042830168,-0.17015839429942692,0.4600157300243947,0.08395575574672048,-1.0495858730867949,0.4652029069806062,0.6935804636666306,-0.2608553874178251
33,Zakharov Function,0.08761555464958767,500,500,0.21414129271167415,0.08761555464958767,-0.04839416761052928,-0.04335641036380171,0.05361868262770375,-0.06487721292026899,0.05737759383956409,-0.060287640265190845,0.10802637076097499,-0.21414129271167415,0.05005425778334008,0.08904361314785969
34,Zakharov Function,5.239831803989246,500,500,1.4450777524583711,5.239831803989246,0.3188765666707471,-0.08826388902404812,0.9805093233795918,0.5342173950536084,-1.4450777524583711,0.050249281140634844,-0.40272477495113024,0.8379601847476101,0.6041275059840906,-0.7208206155205616
35,Zakharov Function,0.2535569218121617,500,500,0.377492340955275,0.2535569218121617,0.02916784977355218,0.020057427022197948,-0.042753832789248956,-0.1357027893007034,-0.06764274876208215,0.2053884878282493,0.377492340955275,-0.017001678285009834,-0.12883870540008613,-0.15931315810445804
36,Zakharov Function,33.565315880039186,500,500,3.198069840449172,33.565315880039186,0.9820447063116449,2.0748682967677805,-3.198069840449172,1.415090822484936,1.39926000853763,0.40040744984691856,-2.795490820167716,0.7744442375423959,-1.4935204119191208,1.4546397933055242
37,Zakharov Function,0.0005138029159153684,500,500,0.01083583652233188,0.0005138029159153684,0.010166212854594944,0.00459527684839002,-0.009091094739998008,0.0045978587353717425,0.004100269917402959,0.0006218383263767568,-0.0003353238346742557,0.004088224280832716,-0.01083583652233188,0.0009373417832986486
38,Zakharov Function,13.11700945008941,500,500,2.273850103772309,13.11700945008941,0.14621229427051663,0.30977202208751736,0.7058357359273062,-0.1816467077138793,0.1794088726846922,-1.5531753913677808,1.502544521038776,1.221042645345178,1.0218797465249905,-2.273850103772309
39,Zakharov Function,0.11834345774111443,500,500,0.1931634635671408,0.11834345774111443,-0.04773642685910831,-0.06085238659719036,0.0070857640475869565,0.08672281627515155,-0.0520986705371589,-0.16148907956072872,0.005700864877288062,0.1931634635671408,-0.14701691749179813,0.05319020759077503
40,Zakharov Function,7.565407127616417e-07,500,500,0.00040630245404286785,7.565407127616417e-07,6.702457666690168e-05,0.00012758069918046702,0.00040630245404286785,3.057590718282509e-05,0.00030721366955888097,-0.000394563780535147,0.0002561491102839392,-0.00026087850741203267,-0.0003480849275249025,0.0002472722601005988
41,Zakharov Function,1559.7699010259082,500,500,28.411745184076562,1559.7699010259082,1.7758715055871472,13.980588188601667,10.872366286849925,-4.325520584925783,11.019250615346877,9.5345588629289,-4.046912311036542,11.559085795054926,6.5779976769526955,-28.411745184076562
42,Zakharov Function,0.7721735134585602,500,500,0.5484207479659737,0.7721735134585602,-0.09423602720304647,-0.1267554801421309,-0.2951172158155988,-0.5484207479659737,0.13868532517605128,0.24103095867024238,0.24063882223144295,0.0588176505406402,0.23701130248229096,-0.3425711631711934
43,Zakharov Function,252.03850439817865,500,500,14.036703468714801,252.03850439817865,-3.9496812809033575,-1.2427676193126853,-0.8131270682052965,14.036703468714801,1.7674185713484545,-2.69073779172971,-3.16905377155938,1.8598100996834104,-2.6542697582309462,-1.1445569732907122
44,Zakharov Function,385.05984608432857,500,500,15.09889596753083,385.05984608432857,-2.4787729988100136,-1.6872701417875775,2.464767974950445,7.667438432338351,-0.7060582847380501,5.651528189103022,2.8435136222082713,1.725459099874364,6.238397265441046,-15.09889596753083
45,Zakharov Function,92.23426207537328,500,500,6.1390866222413125,92.23426207537328,-0.3295714663873378,2.5068236070016927,-4.401520881460426,2.459411211258791,2.363731703507722,-6.1390866222413125,3.2055875862271654,-1.4934235184249878,1.9885958107755402,-0.3420056000999827
46,Zakharov Function,0.15904596084307848,500,500,0.2742802236308178,0.15904596084307848,-0.06456144660167074,0.020067809249593505,-0.029936829488145543,-0.13890082781307325,-0.05171992976801558,-0.13814434474345544,0.2742802236308178,-0.05461564327230836,-0.12290299207914285,0.13857087319381398
47,Zakharov Function,305.4797995722518,500,500,11.341134669160056,305.4797995722518,1.2861635955339619,-0.9182815966064879,7.455464022443662,-4.756173774890876,-2.704965957491437,11.341134669160056,-0.6321611708907674,-0.9118074977613934,4.257686244998133,-8.169617076799103
48,Zakharov Function,11.301605439156036,500,500,1.8562855691485929,11.301605439156036,-0.08758674513731879,-0.6585336273998157,0.9135513887037467,0.6960172812493965,-0.8010103669120692,-1.8562855691485929,1.793132111512366,-0.29617482669485085,-0.27572875446554945,0.5251922948204816
49,Zakharov Function,82.68404332287928,500,500,5.005595752980122,82.68404332287928,0.4561196665981857,2.2726096414031094,2.1520618195873817,1.964131296516328,-5.005595752980122,0.13004397074684704,-4.887254380328345,0.9330758367213963,0.7894265050168501,2.0957264621509903
50,Zakharov Function,0.8739232896487086,500,500,0.7277208759181261,0.8739232896487086,0.22012679700720938,-0.288256349340844,-0.1432499461312905,0.004829861204832198,0.7277208759181261,-0.3300696881494998,-0.12696943328770857,0.10204618749879657,0.13300740010123832,-0.19395221901038573
51,Zakharov Function,82.90891174529933,500,500,7.6803906139875995,82.90891174529933,0.05404878506715356,0.19608238911064857,-0.9022891669938988,2.438912929523331,-7.6803906139875995,-1.1099791847484386,-1.6218442156026533,1.0586412157830138,1.1868502120412119,3.1299392000828896
52,Zakharov Function,65.33270551396622,500,500,5.012480562923381,65.33270551396622,0.8803600676554554,-3.1184111596011332,-1.6552869294067516,0.5626575650266886,0.9356345804649182,1.4915379486926665,1.5258558709434802,5.012480562923381,-2.5947913549417843,-3.025293206999649
53,Zakharov Function,0.36554117377508477,500,500,0.3160570084271941,0.36554117377508477,-0.27639766776160185,0.029863396279816268,0.1522951425429362,0.054514919094934305,0.18584839547139248,0.3160570084271941,-0.0335507548300811,-0.2631286581963074,-0.13962912588112425,-0.006900993629250882
54,Zakharov Function,3.415716176092294,500,500,0.7931730119056346,3.415716176092294,-0.30690297967507807,-0.053578505026735,-0.5615313910882291,-0.16754084928780744,-0.7931730119056346,0.6382297448784248,-0.18389189667902334,0.7268455913146694,0.2603666458392737,-0.2259117808219987
55,Zakharov Function,4.702076207723358,500,500,1.2832054647565039,4.702076207723358,0.3261103718123831,-0.4174197926431372,0.9090160129193761,-0.08354399328836148,0.49950320013980476,-0.7470474468768262,-1.2832054647565039,0.11501190678762813,0.8451881119522295,0.1639673933109133
56,Zakharov Function,43.56386036444979,500,500,3.7010219545110346,43.56386036444979,0.4540870585101325,0.2963002087927964,1.8682214462017943,0.5701837171596265,2.6108570314827557,-1.416503309381167,-2.2356130881235874,3.7010219545110346,-3.414685562648594,0.24298193157428388
57,Zakharov Function,1.4859567620471417,500,500,0.7647442835486824,1.4859567620471417,-0.2520117012015088,0.47644413841096284,-0.2838829538176427,-0.0977773869521669,-0.7647442835486824,-0.15687383795797838,0.1283780781025871,-0.28710310678460516,0.2619556508459828,0.3511886962899535
58,Zakharov Function,5.524167361739993,500,500,1.670855780808345,5.524167361739993,0.5837553086068303,-0.3869166969165077,-0.42813440843279915,-0.3541934330884595,-1.670855780808345,0.21979854474530092,0.41565866717125033,1.1994176700826353,0.10097866330326358,-0.40827815979749166
59,Zakharov Function,0.28440394828049564,500,500,0.2939546915772705,0.28440394828049564,0.07237140361242266,0.01667948766677086,0.19498682024946878,-0.15615258867160925,-0.2939546915772705,0.09554499626491447,-0.016794983881980266,0.10392495234009896,0.01400961793525654,-0.06304649291374427
60,Zakharov Function,16.277743109551995,500,500,2.0285796801333644,16.277743109551995,0.7294644519176952,1.137156697335483,-1.9497612027924074,2.0285796801333644,0.3751585412198901,-1.4122388706648927,1.2351314493910022,1.0780480736957672,-1.206831522361652,-0.4717750350226473
61,Zakharov Function,1.3741985155204959,500,500,0.6791965725248513,1.3741985155204959,-0.33956835939057445,-0.17712445802091037,-0.1532893326175217,0.015944022917643158,0.4375259032198838,-0.6251632485443972,-0.3867186965377254,-0.034432970732773946,0.6791965725248513,-0.029222192200683894
62,Zakharov Function,378.54040427960484,500,500,11.85421642207264,378.54040427960484,0.7620948090919069,9.39710204277497,-5.481038710028742,5.446112648610304,-4.562344843895045,1.2117678846432234,-3.2044206008097933,11.85421642207264,-7.365549417476712,-1.598601286755779
63,Zakharov Function,3.0705978104512948,500,500,1.3189914736753265,3.0705978104512948,0.20466418723589988,-0.30300721757483295,-0.2664894134997991,0.2798326158235101,0.22373122728970102,1.3189914736753265,-0.09769356264681274,0.3366897662680365,-0.7116204365956306,-0.5165976370797468
64,Zakharov Function,106.4194992373665,500,500,5.458208985518383,106.4194992373665,2.483442346228857,1.7762159813742424,-1.3770615092262968,1.4650496426077335,-3.1204295579822827,0.4228069079027186,4.4160074371702445,-2.7095934501545136,-5.458208985518383,4.764856385415262
65,Zakharov Function,0.027648649099328366,500,500,0.05913023589680842,0.027648649099328366,-0.031084175921382507,0.056281675722432395,-0.043350066355170705,-0.05913023589680842,-0.03759805427808148,-0.00886363299827983,-0.006092603658621347,0.013409496516644599,-0.026177227851507605,0.04657478080195364
66,Zakharov Function,6.873429972911831,500,500,1.8000154224375153,6.873429972911831,-0.42126030687885585,1.1737074881839242,0.8605463239373945,-1.8000154224375153,-0.32484319679622886,-0.5287830965628584,0.0844351255237816,0.9648399045985419,-0.04331633502821275,-0.021038397264660058
67,Zakharov Function,6.739266380392587e-05,500,500,0.005173040358358345,6.739266380392587e-05,0.0016917616363375475,-0.004608750106925122,0.0006721827734775931,0.005173040358358345,-0.0011349278231593558,-0.0016140733313132786,0.001818353802398278,-0.0018851286747566297,0.00036813213023673087,0.00037104538845331115
68,Zakharov Function,2.501237542256474,500,500,1.092370627414419,2.501237542256474,-0.02088775516126135,0.017022744736204604,0.18654801489207554,1.092370627414419,-0.33118871764953484,0.6709691891839746,0.411456768130821,-0.3958508784630719,-0.5950716320988015,-0.17528416542985276
69,Zakharov Function,21.11253277095707,500,500,2.4518146578933293,21.11253277095707,-2.4518146578933293,-1.5609882507250936,0.7563293295831719,-1.4700174222014302,2.0984661953690793,1.1275452767223093,-0.1945440177138688,-0.9889664295651968,-1.2832987444730966,1.2030185596092458
70,Zakharov Function,0.6316927498530572,500,500,0.43180086766821346,0.6316927498530572,-0.43180086766821346,-0.28033174115134085,0.274300632884261,-0.2840737512019077,-0.11598072704583658,0.08834656548984798,0.3554186375530046,0.005645095915047332,-0.19381601565007653,0.08367994318424837
71,Zakharov Function,0.4002843292469854,500,500,0.28296551175016993,0.4002843292469854,-0.11685320740612004,0.1463973160065689,0.23996514346353126,0.28296551175016993,-0.2223724706756698,0.17624280304152617,0.21724535290005992,-0.14503395699298993,-0.1898432313975856,-0.09832898828341152
72,Zakharov Function,127.17825065890975,500,500,7.101168899298884,127.17825065890975,1.63670261055373,4.351917713202087,3.49188103121959,-0.7980038259459445,-0.2778771503068187,7.101168899298884,-0.6728458502059973,-6.022948554234855,-1.251403326420149,0.7676861068615479
73,Zakharov Function,100.36857717149793,500,500,5.924533613985702,100.36857717149793,-2.4210392266098903,-5.924533613985702,2.00566473800619,0.4111387618271276,1.6887289449844278,-4.345319825370905,-2.7236509850955963,4.664630511878311,1.4274179593944893,-0.4850873301428436
74,Zakharov Function,82.60270481061416,500,500,5.227975013669193,82.60270481061416,1.22247505281719,-3.307259126338376,3.5769211504600724,3.4021828938185825,-0.29649145063744275,-1.8197635014237008,-0.09791974740495735,5.227975013669193,-1.5444304887630287,-3.4953276985653146
75,Zakharov Function,0.11110097321232615,500,500,0.18808081407370913,0.11110097321232615,0.10301336613219192,-0.18808081407370913,0.07976390407210414,0.034284834865869154,0.07761040768028647,-0.06292805334068138,-0.04230461949556421,-0.02817550115723121,0.06977531127247873,0.017158093292090407
76,Zakharov Function,46.861418115005485,500,500,3.81218184328168,46.861418115005485,0.7996080142693613,0.57156076005342,2.4041313616604087,-1.8626588070772927,2.565911997642175,-2.7127523529451656,-1.6775037348007602,-0.6803648485277125,-2.1936960218857426,3.81218184328168
77,Zakharov Function,0.10403292637480309,500,500,0.1890113359788001,0.10403292637480309,-0.04331745076093663,-0.03374011012631509,-0.006071390919150304,-0.16717851604208056,0.11171998689115326,-0.004035592638059662,-0.0030049214758047157,-0.1890113359788001,0.15127603216579552,0.043755667034984916
78,Zakharov Function,53.68667638226867,500,500,5.873572235033282,53.68667638226867,-0.33129102385427533,-0.3432365617207374,2.30695870528759,-0.5749914086458552,5.873572235033282,-0.18526265605801523,1.5859477519600975,-1.737735822711598,-0.1362690889124609,-2.642958180770228
79,Zakharov Function,0.23809136542748202,500,500,0.3651456385936003,0.23809136542748202,-0.010375059889992391,0.1740866391461377,0.1547535202647811,-0.021889893642974362,0.003099366484314997,-0.09522426291448256,-0.3651456385936003,0.033987092422162704,0.07854742702860287,0.1596896683345247
80,Zakharov Function,145.67674375646286,500,500,7.873281616728047,145.67674375646286,1.8458381249478042,-7.873281616728047,-3.1286565524302574,2.109066609792215,4.012265784190623,4.136661122590305,-3.1852305282259916,-2.6387108514894457,-1.332481475130582,2.2176089739926343
81,Zakharov Function,52.63591112247097,500,500,3.8614575850272033,52.63591112247097,-1.4670319653896033,0.004904477274822572,-2.5388004517045397,-2.508021286234354,-0.25752594586325595,3.1062288137473475,3.8614575850272033,-2.668678992182926,-1.2708413857700849,0.9889652568418896
82,Zakharov Function,0.14063773395639403,500,500,0.21872107115359413,0.14063773395639403,0.05036877273439471,0.03708879027109138,-0.07149397640533482,-0.09957277568142414,-0.12560421049681836,0.21872107115359413,0.16518165787469807,-0.06043461069995911,-0.08294663912040766,-0.03934992599692344
83,Zakharov Function,2.9034084683937578,500,500,1.0126532200893024,2.9034084683937578,0.06850294931574319,0.6481360773385206,-0.12700721087386524,0.6407330087606691,-1.0126532200893024,-0.3740875125630586,-0.43210232172288354,-0.40014916451275934,0.4703084978215526,0.5530432498575004
84,Zakharov Function,0.6799541568416287,500,500,0.5653943511124873,0.6799541568416287,0.10819041335124552,0.18625469884584894,0.0367170076775479,0.33326345571477445,0.12212558881055163,-0.08100935068225484,0.5653943511124873,-0.1825089888167937,-0.09147541140337737,-0.34455031092121524
85,Zakharov Function,71.64314602045029,500,500,4.308306529320317,71.64314602045029,-0.07404987310165217,-0.19343884359240016,1.268145749417711,-4.308306529320317,-4.003081128792231,-0.5276365532421702,-4.030600763076006,3.0948983073545895,1.5148238168625552,2.5931434494311345
86,Zakharov Function,1.6674454079912417,500,500,0.5395445133077457,1.6674454079912417,-0.11581644967833205,0.39351524694232987,-0.5395445133077457,-0.24059146407694632,-0.4076287939188857,-0.22545467255373647,0.41902927653965605,0.4178544473880865,0.416424110438684,-0.5381331973672622
87,Zakharov Function,7.511275537909603,500,500,1.4385204257538025,7.511275537909603,0.4609266100461693,-0.020063138965806138,0.6187783991705079,-0.4595268264767094,1.4385204257538025,0.9559111223443293,-1.4194952880457996,0.6451221888962384,-0.5203496981722238,-0.23570456704143272
88,Zakharov Function,90.08466047524745,500,500,4.293845483189363,90.08466047524745,3.3058333528912103,0.45064599298149344,-4.293845483189363,-3.42322380540477,0.09615363626272605,2.079784942125625,-2.7514166013822425,4.24418030688839,2.9268163297492897,-2.9855844091868047
89,Zakharov Function,113.39322666782617,500,500,6.09239440854042,113.39322666782617,2.5756991904440305,-0.30053271914879803,5.419049853841042,0.38993322908332984,-6.09239440854042,-4.177363389844784,1.1789176746477188,1.6696441381360847,-1.2920865527362437,2.8878234930382574
90,Zakharov Function,1.2563637986332716,500,500,0.5871737809350328,1.2563637986332716,0.21722498878452354,0.040668942718999956,0.5814399546820923,-0.080380150128432,-0.09398748029813132,-0.5871737809350328,0.4055898108231626,0.20869493958020396,0.16041301566819854,-0.2866125810315394
91,Zakharov Function,0.401530077553912,500,500,0.4332283930162578,0.401530077553912,0.007638876676890581,0.16101110708603197,-0.4332283930162578,0.3836860284217519,-0.01382985309142749,0.11742991372240633,0.011513086854548528,0.05073907714143108,-0.14018404432032372,-0.05079957944677159
92,Zakharov Function,0.12157069306552402,500,500,0.16392123669034409,0.12157069306552402,0.04607974130344323,0.034481526551808514,-0.08870542814665937,0.10810667193246537,0.11113146954512304,-0.16392123669034409,-0.03211633734290155,0.09011257714417961,-0.01988584910713357,0.02631350370666896
93,Zakharov Function,692.2347053179969,500,500,17.949370310152837,692.2347053179969,0.08912053964860212,-2.9985567151064196,-1.9678597829343394,-11.02269725702762,17.949370310152837,-7.2633946518468715,4.772664180922663,9.70477468687453,-2.6069389519520048,-7.639720745439375
94,Zakharov Function,26.277740212461932,500,500,3.6099204897084305,26.277740212461932,0.14346478113982336,-2.7044877127129094,0.13220868185945672,-1.2563664241130168,0.4215785397537877,-0.8062277104407124,0.14899974662426435,3.6099204897084305,-1.7578263722118663,-0.040124835519130736
95,Zakharov Function,28.48048110068799,500,500,4.27740872452865,28.48048110068799,-0.9013169444120845,-0.4076554679949199,-0.493307334762649,0.25097333965444957,0.20993074892760938,2.1025066853913787,1.5871250390906515,-4.27740872452865,-0.08682971078208357,1.3186992086322995
96,Zakharov Function,108.73355567527804,500,500,6.5730141251278535,108.73355567527804,-1.2133256758394904,-0.7744360172039515,0.6402174153393748,-6.5730141251278535,-2.1883296472193106,-3.75271704386814,-0.11332061622366696,-2.572094375752667,3.3774470336626328,4.983707068614059
97,Zakharov Function,30.979633244820374,500,500,3.709787593176899,30.979633244820374,0.07464780857841427,-1.2480091387747927,3.709787593176899,0.5755782809919188,0.1412420687328213,-2.551813527368237,-0.6356344530133236,-0.6110830838674963,2.6195433109716353,-0.9852517034514648
98,Zakharov Function,23.80921982298867,500,500,2.8339718198348276,23.80921982298867,1.6644687290853843,-0.1278544493387221,1.834559194812345,-0.9338843400194047,-2.8339718198348276,-0.5390433208289848,0.21178401509878286,2.037816420800116,1.0907568135389472,-1.1457665884904504
99,Zakharov Function,11.695003072301242,500,500,2.2136597488489533,11.695003072301242,0.2736702876201256,-0.3441065027447143,0.7258906170102888,1.0715604439440178,1.4466779814386101,1.0184703286645855,0.5351755367944062,-2.2136597488489533,0.5720506661741409,-1.081106134589711
100,Zakharov Function,1.433822548585179,750,750,0.5509355780068061,1.433822548585179,-0.3854666637303824,0.16548034802056416,0.3680044832635685,0.4182692478048424,-0.20599021843516427,-0.500936532366478,0.26673824803783497,-0.0560811875600271,-0.5509355780068061,0.4263027475567412
101,Zakharov Function,11.581037577275936,750,750,2.120819020186201,11.581037577275936,0.9311213610751994,-0.38316773692987977,0.10932996320294436,-1.2068079270536032,0.6567430674797607,1.3891291129178396,-2.120819020186201,-0.566465039551542,1.3730977584559898,0.009661769639564555
102,Zakharov Function,156.87327414502238,750,750,9.78936517094135,156.87327414502238,-1.1283110193233088,-1.2172227418375416,0.5740975230773722,-2.831110311955535,5.4336774670878745,-9.78936517094135,3.323127299518408,2.4570146348646,0.10662489845857137,-0.1498669188714188
103,Zakharov Function,16.374238769476356,750,750,2.238825973222575,16.374238769476356,0.339775471390697,1.8575913961104538,-2.238825973222575,-0.6998438827209095,-0.695331192109685,0.7792085377983778,-2.0007054424244703,1.0365765170616026,0.9879208285123868,0.033216051248156436
104,Zakharov Function,2.1383470308107007,750,750,0.74165752491468,2.1383470308107007,-0.07174861478350963,0.011160861225843014,-0.7114471290196306,0.34487433422942926,-0.16589231643269836,0.15164098883838784,-0.590476216974453,0.74165752491468,-0.33450795799882815,0.07837256728941094
105,Zakharov Function,7.081129001795361,750,750,1.5154380939484542,7.081129001795361,1.0759692716907248,0.30658880200245386,-0.06382312392872382,-0.33195521164887687,0.8297184298590103,-1.5154380939484542,1.004513940300684,-0.5218643239545728,0.988411915213657,-0.6826877285784987
106,Zakharov Function,0.21194711367508426,750,750,0.33162312635464447,0.21194711367508426,-0.33162312635464447,0.17584638048297974,0.10929815022076461,0.10520476342108318,-0.03525940604754646,0.020051199855494528,-0.04342249111135855,-0.14971487028387304,0.038926431428640336,0.06883099821338484
107,Zakharov Function,4.6833560449359695,750,750,0.8797629123383248,4.6833560449359695,0.6829217204556679,-0.8361146050330905,-0.3830358997448171,0.6354436468006877,-0.8373278404282134,0.7348826142820692,-0.8797629123383248,0.3237305327205372,0.09793720102065676,0.05895486356924118
108,Zakharov Function,4.685420354321047,750,750,1.204575127207097,4.685420354321047,1.204575127207097,0.5708019030801115,-1.0448254942493806,-0.48837907880039744,-0.5897191303933105,0.7234524777255555,-0.2975595106773963,0.031263307304314925,0.2216871530279818,-0.008505162147418366
109,Zakharov Function,0.002565634839835806,750,750,0.027363863953202117,0.002565634839835806,-0.015663344732410094,0.02230720523395345,-0.011216597198656756,-0.027363863953202117,0.00972221826568814,0.005409974716290714,-0.001881072018744663,0.019595434957650742,-0.019812484531495506,0.006476832805317644
110,Zakharov Function,0.2015477792197603,750,750,0.23212930615962157,0.2015477792197603,-0.1962088444595887,0.08028871269912041,-0.23212930615962157,0.09806733982462101,0.08968476418065785,0.018014903237329627,-0.12070713295846731,0.1575802376321248,-0.008609351900280907,-0.09309635432456753
111,Zakharov Function,0.5961864342853486,750,750,0.5493882921484448,0.5961864342853486,-0.17097105869306262,-0.13053036596923856,0.0003596839623078718,-0.03947541789416398,-0.15677309239094495,0.5493882921484448,-0.38288975557762017,0.021749788135654813,-0.024254427268519715,0.12704228951205654
112,Zakharov Function,0.743268457291585,750,750,0.3354737409489035,0.743268457291585,0.16785800007817897,-0.038161412400763706,0.16503243185194588,0.3041237575513676,-0.22744921340989888,-0.25362295385425065,0.05840460346362086,-0.3289242701867078,-0.12953518899118643,0.3354737409489035
113,Zakharov Function,0.2306683075153662,750,750,0.2972369428478743,0.2306683075153662,-0.016580969051462446,0.08636045776914364,0.13331216834835014,0.08088526673604146,-0.13059617236002802,-0.14556903711451177,-0.2515359598785427,0.2972369428478743,-0.011430030533058806,0.030712192403905242
114,Zakharov Function,1.3219085566676654,750,750,0.7178508753143258,1.3219085566676654,0.10537755217295236,-0.10253877874757243,0.08533613022866976,-0.46891065132655074,-0.13327968106769075,0.5483777635908398,-0.7178508753143258,0.03968469390550139,-0.10729533493262496,0.4756188110005121
115,Zakharov Function,0.01928309173284951,750,750,0.07463280340934186,0.01928309173284951,0.03303785296911064,0.010162911422507664,0.003953962873724418,-0.04808365666351651,0.05478712607619948,0.006508981698370799,0.07463280340934186,-0.03376944596306003,-0.04684454736790451,0.010490654025592912
116,Zakharov Function,0.005551421188093283,750,750,0.045302366463024976,0.005551421188093283,-0.004758239034891067,-0.005411963945038137,0.02766004251327886,0.003669534351955399,0.010754588225150342,0.045302366463024976,-0.008710342786382365,0.002489096656976785,-0.01920716838770934,-0.010454846707143407
117,Zakharov Function,484.5849928048603,750,750,12.516379740697886,484.5849928048603,0.6715544751034658,7.599850454118268,-8.545728673447691,12.203535766939996,3.3572082150022116,-2.1966537658852223,1.6265045777320422,1.8611782070710925,-12.516379740697886,4.624897497319119
118,Zakharov Function,0.013569069140759468,750,750,0.0770414357060333,0.013569069140759468,0.03968498165181089,-0.022019829261477282,-0.010631562397049696,-0.027825335864479796,-1.9393652368774814e-05,0.047886235488187476,0.028573410389392227,-0.0770414357060333,-0.010258222791214244,0.03297664369329053
119,Zakharov Function,0.011871846366378964,750,750,0.03720028553812002,0.011871846366378964,0.03598136182926361,0.009521804136104033,0.01696897882727587,-0.0044584332965794775,0.021173530013960835,0.010546205231713098,-0.03516057802619596,-0.03720028553812002,0.02657234498742353,-0.010933005588745468
120,Zakharov Function,9.165708666377974,750,750,1.5837568197743543,9.165708666377974,0.09933162372412839,-0.22664073770083798,0.8417846221502234,0.27632526270621727,-1.1239157404683986,1.3363427628700737,0.7181481882924767,1.3418192284163366,-0.5402698387633531,-1.5837568197743543
121,Zakharov Function,0.07443581011807178,750,750,0.17349651961545315,0.07443581011807178,-0.12984747314656683,-0.05399038883920604,0.014323366056353357,0.05789805270511242,-0.051470127353815495,0.025957748824384695,-0.031170032584589613,-0.0620429715960574,0.17349651961545315,-0.058918857875466524
122,Zakharov Function,2.1677626689177907,750,750,0.9856725276666973,2.1677626689177907,-0.10640753156028587,0.32527687637911185,-0.2509308877462537,-0.3238685661767762,-0.11497695149434416,0.7774581135882955,-0.17086796782198188,-0.9856725276666973,0.4587907612119724,0.22854967444224245
123,Zakharov Function,57.506965730332105,750,750,4.588763389740196,57.506965730332105,0.38495046467705285,0.702086583601937,-0.18982914823747565,-3.0937566764292384,1.5343191201462183,1.1005788447233993,4.276908917291486,-4.588763389740196,0.3103853947707493,0.3383431717253731
124,Zakharov Function,238.5329246140078,750,750,12.869145894834892,238.5329246140078,1.8680291232745612,-4.3153004997527145,2.470250609147047,-1.8043073682033106,-3.2961603260602166,12.869145894834892,-1.0096314839681888,-0.8756148891906059,-5.21651954811251,0.8361117510590306
125,Zakharov Function,0.002006213507465277,750,750,0.030014447060329633,0.002006213507465277,-0.012494051261570556,-0.00324621804362649,0.008556297558174435,0.008910098385709976,0.030014447060329633,-0.019195379472202997,-0.004285551593993867,-0.01244873647053672,-0.0027860182062381927,0.004823509478799845
126,Zakharov Function,0.7590303390019149,750,750,0.4781742455633826,0.7590303390019149,-0.3351777157460822,-0.048601063201313965,-0.2684485504828489,0.26196235157226766,-0.017746593554167092,0.4781742455633826,-0.33134119636865034,0.3264128798842576,-0.21567391419373722,-0.10177526160863024
127,Zakharov Function,0.09820509075472948,750,750,0.2073836851650045,0.09820509075472948,0.08526402564147195,0.00955953371950876,-0.08310892736899347,0.09949440951265609,0.018501847209195954,-0.03463206174318256,-0.2073836851650045,-0.05167546571153003,0.1615500203971822,0.026163400159756656
128,Zakharov Function,0.015434339619662164,750,750,0.051445389989109684,0.015434339619662164,-0.0007403904394525304,-0.051445389989109684,0.0234084703456138,-0.003616481964242947,0.002695390132364542,-0.03616344879294181,0.01790350985989278,-0.011748696657912103,0.013635399794761664,-0.010326491336095023
129,Zakharov Function,0.527865639282847,750,750,0.33235895817502803,0.527865639282847,0.06366025291627415,-0.18393070727519273,-0.33235895817502803,0.08040893082166209,0.29973787663246415,0.16226037013412703,-0.29779786005263337,-0.23731765349004574,0.2504612655547833,0.06513499181966222
130,Zakharov Function,0.25166574638464373,750,750,0.25816000886528057,0.25166574638464373,-0.0694600950082836,-0.2515430940774202,-0.04663153822493892,0.18628762181637964,-0.10368017268449886,-0.04467405493776289,0.25816000886528057,0.022966999579286676,0.03600657153258499,-0.11114521562778784
131,Zakharov Function,1.5363398497580265,750,750,0.6174758704334488,1.5363398497580265,0.18675906505291745,0.034303525607521784,0.004720755903380114,0.30511349827475853,-0.6174758704334488,-0.4038981960496131,-0.5075145656497431,0.22378505599805135,0.15707087655488258,0.5281899278445382
132,Zakharov Function,4.355253022163904,750,750,0.9095625981701358,4.355253022163904,-0.5003019508952669,-0.9095625981701358,-0.28127607427306034,-0.11760954217354463,-0.6721915715707523,-0.5633978098623275,0.6504308150833744,0.06908304255835362,-0.23010530119393113,0.5471557922210547
133,Zakharov Function,7.532234692406751,750,750,1.603227000448169,7.532234692406751,-0.012714754581673357,-0.07429040838874473,1.603227000448169,0.034625335709099384,-1.3368889546385532,1.0567080459559535,-0.2019925845570132,0.4489537459865086,-1.1845842634261974,0.48173559502852814
134,Zakharov Function,0.8174422109285796,750,750,0.44802509955469055,0.8174422109285796,0.26900701433644575,0.038621814193629436,0.11560098925806168,-0.2942072981772984,0.41330920882782707,-0.05364362643735433,-0.32430076439836797,-0.44802509955469055,0.37119628028041146,0.14115459337653433
135,Zakharov Function,6.12291224599274,750,750,1.2343132398423728,6.12291224599274,-0.39499428457702457,-0.3640022306796765,0.11973752287869899,0.9673952338830976,1.1360201029068158,-0.16444156990791653,1.2343132398423728,-0.3366130595961272,-0.6828159683553956,-0.597030539125982
136,Zakharov Function,0.09583752371529246,750,750,0.173854933683597,0.09583752371529246,-0.12601778285061166,0.173854933683597,-0.05052534241068478,-0.00621157596545923,-0.05532801267778739,0.05955382856515041,-0.05209612245497027,0.12010539347417426,0.004000364161042425,-0.09896678939345906
137,Zakharov Function,0.17289499021774843,750,750,0.19904221415081236,0.17289499021774843,0.19904221415081236,-0.04989008916577417,-0.029675201304922127,0.05676925885107982,0.17211765317530797,0.14990358179199645,-0.022779008705809872,-0.1872294128478262,-0.10531674581740785,0.08881681492333146
138,Zakharov Function,1.0484549665162797,750,750,0.5426850972568331,1.0484549665162797,-0.08697861955621748,-0.006639951395274825,0.2763090705980055,-0.28709585498060153,0.09956721340192629,0.3145255519730331,-0.5180880533987177,0.5426850972568331,-0.3602437642546259,0.1071378370248654
139,Zakharov Function,7.992024063490299,750,750,1.7245267970799296,7.992024063490299,0.05461561156627048,0.1904266044141495,-0.5034733975298589,1.5924450710118196,-1.0889236282710903,-0.680565767220982,1.7245267970799296,0.17594835678038417,-0.5795725531485048,-0.3628073743345491
140,Zakharov Function,4.612538554828664,750,750,1.1966426222531408,4.612538554828664,-0.05621616579380506,0.5639827722392062,-0.38515877885857,0.6106545248656969,-0.5991958031971076,0.09390288985140538,1.0602861852011456,-1.1966426222531408,-0.5004693277400063,0.5805795233510476
141,Zakharov Function,0.16352728223842153,750,750,0.21096828777956528,0.16352728223842153,-0.0676155498589446,0.09376698181734339,-0.0466869934437514,-0.1322351986545403,0.21022725838285047,-0.02897224564889897,-0.21096828777956528,0.14258358778533253,0.010015021587831463,-0.035714201939968784
142,Zakharov Function,0.052928771315599345,750,750,0.14600629166826296,0.052928771315599345,0.019947763035620666,-0.038119846722853595,-0.09293424879566668,0.0381293840442397,-0.027096803667002428,0.14600629166826296,-0.018776947507170946,0.07750795582062153,0.007651656940389821,-0.10266355660406346
143,Zakharov Function,1.8961082958870463,750,750,0.6609835021232731,1.8961082958870463,-0.1485145193973391,0.4540293830327635,-0.10520796426653108,0.138785858004059,-0.5625377635065983,-0.6609835021232731,0.0649329345177031,-0.03696559851395492,0.195268584332338,0.2427082218660777
144,Zakharov Function,0.47318984687422266,750,750,0.34106751907290733,0.47318984687422266,0.14772432097782084,-0.29085844874189526,-0.007382318567940617,0.27639269728277027,0.1238653870694032,0.03841527756500493,0.25251462102321065,0.1371218289272489,-0.34106751907290733,-0.07871420981697103
145,Zakharov Function,0.10224980268438764,750,750,0.13810480396592745,0.10224980268438764,0.05873952728569054,-0.014045687812251292,0.018589075892881946,-0.004890115623689597,-0.047550049921006546,-0.08354500997395997,-0.06671297516246898,-0.13810480396592745,0.06317761275279563,0.12570129314831047
146,Zakharov Function,1.516581851044577,750,750,0.6594295008764925,1.516581851044577,0.05632528358280345,0.3866516528086905,-0.27458030805550626,0.056232029390252895,0.1638831502927195,-0.42472277872656333,-0.6183305829154803,0.6594295008764925,-0.015580303692549757,-0.023450762498345636
147,Zakharov Function,16.410476814753334,750,750,3.1763142696048083,16.410476814753334,0.9770011287499454,0.772828222812276,0.6161038386304645,0.4799469953991321,-0.49778330319849706,-3.1763142696048083,0.30575546259692743,1.3728669466183552,1.076906988581511,-0.6511244617652717
148,Zakharov Function,42.75215448558747,750,750,4.977699563922215,42.75215448558747,3.1222961251213586,-1.2172853951711082,0.30401610450998207,1.482801394346964,0.7119545291717009,-4.977699563922215,1.1716722372065442,1.2243634367121983,-0.5603905091253298,0.45646221712145474
149,Zakharov Function,0.49142793299536536,750,750,0.5362287684941466,0.49142793299536536,0.09198254987864396,0.05040063597664077,-0.13186549077050072,0.3478220787564472,-0.5362287684941466,0.18202139336323725,0.07497497467096682,0.06629812105287156,-0.08380294928080767,-0.0031847156931047987
150,Zakharov Function,0.23839658212654968,750,750,0.26061506578662647,0.23839658212654968,0.14220167092183172,0.09033098416745539,-0.07428076437961484,-0.26061506578662647,-0.040103281353134235,0.21664380120654422,0.02093127980514134,-0.06530594697161264,-0.07854494892610396,0.03944384157023306
151,Zakharov Function,694.2031925777309,750,750,14.816714152853859,694.2031925777309,0.5244420910957641,13.907173797250024,-4.395684104614261,-0.3414363695765059,8.418342468162269,-14.816714152853859,1.116615241574583,12.410768617488527,-2.7680961976160843,-4.629600996269984
152,Zakharov Function,0.07228652768297363,750,750,0.10563963804430758,0.07228652768297363,-0.005815542998947873,0.039649958296632565,-0.10563963804430758,0.06587451198871327,0.012926223862790846,0.060311028067962305,-0.1031431476327355,0.01898485145759797,-0.03934979067880395,0.009118086642775587
153,Zakharov Function,1.3176136836315915,750,750,0.5725211200054652,1.3176136836315915,-0.29231807132256554,-0.5725211200054652,0.13590693487540695,0.1977471214666069,0.17076810648179233,-0.03292020069397679,0.4250927159263257,-0.4546788081425429,0.456524528906321,-0.4255367363531884
154,Zakharov Function,79.66974810702072,750,750,4.6606587832427575,79.66974810702072,-1.0537109982078425,-0.37352138093381604,0.1656813861931078,-2.610077466037106,-3.5593112957147977,2.802131663668989,-0.37217664186157506,4.443918097647185,-4.6606587832427575,2.414987849275512
155,Zakharov Function,0.23193488308998486,750,750,0.20521811595860842,0.23193488308998486,0.029351065257090317,0.1836049790144169,-0.08404660875713947,0.18921118293599426,0.0004206673824490581,-0.00291999601919545,0.03376698976922757,-0.20521811595860842,-0.12491737258512137,0.10859803132361764
156,Zakharov Function,772.6669117779124,750,750,17.422375197508167,772.6669117779124,2.1892008745680998,6.812111951805004,0.9899845612997413,-8.898563587841059,17.422375197508167,-14.53106589245427,10.162660031220806,0.36013713945742476,-2.041750991960094,-4.086418472190224
157,Zakharov Function,0.3144380302243025,750,750,0.4412228817407755,0.3144380302243025,0.017412282625880487,-0.07990547180625533,-0.20040508022629214,0.07535571340512726,0.06103776267458419,-0.4412228817407755,0.1990386605640006,0.10754807077152599,-0.013222101900324551,0.044940298229925665
158,Zakharov Function,0.7573473282573614,750,750,0.6265491812646158,0.7573473282573614,-0.18758656408915392,-0.17027784112156863,-0.42686519196600126,-0.10132851005057075,0.6265491812646158,-0.13802261231216226,-0.14709767098321003,0.03889816078409861,0.0607363745626558,-0.03976760169120297
159,Zakharov Function,0.26502002279447934,750,750,0.28760040912202345,0.26502002279447934,-0.2630225635152297,0.14277398424132126,0.28760040912202345,-0.11314476561364639,-0.047510036262211425,0.24342189960647787,-0.03418076520500022,-0.0323865030943771,-0.12321446239054529,-0.01087559360698205
160,Zakharov Function,16.797464236984016,750,750,2.9132950478255255,16.797464236984016,0.015278097779723304,0.5224489212704824,0.5678937899822688,-2.442108741647864,-0.4626023936961029,-0.30626228166467373,0.12350405147496507,2.9132950478255255,-1.0376376545925825,-0.4417182020698245
161,Zakharov Function,0.05839877832331004,750,750,0.14162434169142996,0.05839877832331004,0.0035662035126823484,-0.026317597050803714,0.04169324060934093,0.05086590659825877,-0.1236169702166727,0.14162434169142996,0.017163939879573358,0.022999823021320826,-0.04204371375006169,-0.019321447978496754
162,Zakharov Function,6.23189972249767,750,750,1.2939140469979935,6.23189972249767,0.3872879949347352,-1.0300196522665621,-1.0240336484217902,-0.9747118098145844,1.2939140469979935,-0.03332465292981529,-0.5621897442818669,-0.18971555482132496,0.8828381672323856,0.07263014744102525
163,Zakharov Function,9.065095649462254,750,750,1.6366397821776544,9.065095649462254,-1.6366397821776544,0.18352013172054205,-1.0225422790735899,-0.9948478926232842,1.2930719217902662,0.31360518938922255,0.49689519595031983,-1.2659324699537744,0.02533689195843558,0.7182282817820755
164,Zakharov Function,1.6458224029161785,750,750,0.6778636069875537,1.6458224029161785,0.10370547998010704,-0.36456095651246023,0.3717491275997957,-0.3154060208589885,0.6166191449281547,-0.6778636069875537,0.4439509076803714,0.280883975663226,-0.3683720682276058,-0.04891733745560815
165,Zakharov Function,0.34040520210535724,750,750,0.36897839925196657,0.34040520210535724,-0.1341768611243733,0.15275645045283434,0.18535326901532517,-0.004405133063728972,0.0925114842509642,-0.36897839925196657,0.28618854866020554,-0.03582328918329429,-0.15144022091733594,0.04733404295950031
166,Zakharov Function,1.0802164458183534,750,750,0.8184818768173561,1.0802164458183534,-0.06584076822021323,0.08910076389184785,0.3819944434401409,-0.17781180256524665,0.1445837941588811,0.12727007170719645,0.3430521338853496,0.21269494808956874,-0.8184818768173561,0.10327207057565879
167,Zakharov Function,84.24056465113593,750,750,5.775941118382535,84.24056465113593,0.7073070245791033,1.0338094477815913,-0.47386242555401253,-2.985125879049251,0.8223839108546795,3.388037285149064,5.775941118382535,-3.6082920125816726,-3.705160568124386,0.6442511280729317
168,Zakharov Function,7.581889087830335,750,750,1.372956008901447,7.581889087830335,-0.637444195101496,-0.3908859248304345,-0.9300889711737194,1.372956008901447,1.0691779960223626,-0.293680242874796,-0.18495723484873527,1.1326576981663528,-0.6596626403983233,-0.510642193276786
169,Zakharov Function,196.80609007490474,750,750,9.595809679712842,196.80609007490474,0.715370218976225,4.321216132674698,-0.22086858766306078,0.9750741018295028,-9.595809679712842,-0.28002448111954836,8.960498965937518,-1.3958040502621833,-0.8898869714339362,-0.48049478955232827
170,Zakharov Function,37.1947443574127,750,750,3.3780204161640395,37.1947443574127,0.43526205316147515,1.6332156130595419,-1.2102892157599792,-3.251549094710251,1.679501162120399,-2.2604413818767757,3.3780204161640395,-0.9225944747226926,1.1276889716560796,-0.8798673358868938
171,Zakharov Function,2.658971729338713,750,750,1.138247884699477,2.658971729338713,-1.138247884699477,0.2081050672176371,-0.12228933746407006,0.16802064403502226,0.3530215356810076,0.07616067630874905,-0.07034954612034927,0.8072897177757685,-0.42954475605048004,-0.30577799591970645
172,Zakharov Function,200.60144706315668,750,750,10.342110465681719,200.60144706315668,-0.4240352520598446,5.157415895105084,0.3058190989125622,-0.3682173786105707,-5.6271125377071485,10.342110465681719,-4.236404268824835,-3.7799069346295315,0.18408697355799036,1.34818545782659
173,Zakharov Function,179.89497535063512,750,750,7.187791755423149,179.89497535063512,1.053225868594348,4.984548645102485,1.4478789157056515,1.2897546734023482,-2.871033723778531,-7.187791755423149,5.436753529631985,-5.119710571187209,5.706664724588394,-1.2561899959029796
174,Zakharov Function,13.512994418509223,750,750,2.5442022214380313,13.512994418509223,0.21086892991152145,-0.8509942797139246,0.07324859214112292,1.1668513517159842,-2.0331989033177225,-0.5602088959160895,2.5442022214380313,-0.2366584317290263,-0.13971620991080158,-0.36166826142413666
175,Zakharov Function,1.5840534230027175,750,750,0.6977290734991997,1.5840534230027175,0.4613668813491792,-0.06617878693415383,0.024071619007338424,-0.6977290734991997,0.4725851625776304,-0.38301695405690306,-0.5635992027646867,0.18449862768146544,0.29124586672685693,0.24130706934421564
176,Zakharov Function,49.8271660351553,750,750,4.231117280415134,49.8271660351553,0.10636045744931333,-2.546077461147053,2.618564482568689,4.231117280415134,-3.091470056644388,0.18568204575263492,0.9163617655642784,-0.028579387125785005,1.2390645197513503,-2.4202207249968
177,Zakharov Function,15.35131738786478,750,750,2.60612666591937,15.35131738786478,0.4877567324538369,-0.2847402154588486,0.20100498639976072,-0.6876623308223049,1.0244198754473923,-0.695477771518933,2.60612666591937,-2.45341986619479,0.12481486892169935,0.21782655654841512
178,Zakharov Function,28.250876358844057,750,750,3.5112193407011216,28.250876358844057,0.6770243036034386,1.176448341830933,-0.7024634229627207,-1.3949042007688581,3.5112193407011216,-0.8194384768767764,-2.337511026178375,1.131210970173939,1.199929486116735,-0.950932283181261
179,Zakharov Function,4.595786944950088,750,750,1.3486218700273611,4.595786944950088,-0.5689100606788918,-0.5465314042027899,-0.48110009959943567,0.04812950953716233,0.3978751164035401,-1.056349484598226,-0.7197516875115206,1.3486218700273611,-0.17366869025484633,0.2788746466341077
180,Zakharov Function,1.4696800344466907,750,750,0.7229719094371245,1.4696800344466907,-0.1137491776001694,0.49486685108063033,-0.26985038732181843,-0.11616529457981883,0.5343007017204697,-0.7229719094371245,0.09566366133513238,0.4394411012595918,0.11163569600027479,-0.2827200822374395
181,Zakharov Function,7.3012492095559125,750,750,1.729900127402619,7.3012492095559125,0.13948765892513443,-0.5183289532370698,1.729900127402619,-0.3197540705398957,1.1639168199673238,-0.3799850074210788,-0.7697780916636113,-0.9885029897749447,0.8227480151903143,-0.13961087477307166
182,Zakharov Function,119.9705632463375,750,750,7.256689925540622,119.9705632463375,-0.6522662923827536,-1.0795361510502535,-2.8869577060863127,0.3602010626439618,-2.2780944861552097,3.607834872837116,7.256689925540622,0.5185052543191042,-6.224495226024739,0.04868237898547223
183,Zakharov Function,2.0589217873567573,750,750,1.1759131626991344,2.0589217873567573,-0.05423859219470668,-0.35307652508030923,-0.5452483083527044,0.09699727899885731,1.1759131626991344,0.04633995415278432,-0.18664339454498471,-0.1746486377141928,-0.2422555516011247,0.008756822432509422
184,Zakharov Function,93.58332592523868,750,750,5.49182344204619,93.58332592523868,0.3869085675427189,-0.6869508242546858,2.142674904316629,1.0668639664089674,-5.49182344204619,2.290317961299446,-0.286111648198854,-5.478990995638396,4.170864048200342,1.4388042637962886
185,Zakharov Function,35.28445330610012,750,750,4.233915124992868,35.28445330610012,0.8993528711960517,0.7739861033720543,-0.7160620253660785,0.9895203222907698,-0.8383349748820861,3.1158467369856755,0.20351038072676458,-4.233915124992868,0.8939801433520624,0.7819115654515605
186,Zakharov Function,202.24169525158746,750,750,6.39860381988658,202.24169525158746,0.9699728222300867,-5.0016698256568395,2.6680587362511536,6.39860381988658,3.7222377084789695,-0.65102110725454,-5.0692930625109165,6.264118513701743,-6.243156175842769,-0.09990291874207977
187,Zakharov Function,3.009936158609919,750,750,0.9309085312470613,3.009936158609919,-0.9158720387012607,-0.34357237242882044,0.6750533443741271,0.2570319471029732,-0.2991826880679728,-0.423651537151786,-0.012219069143624695,-0.5823994046693888,-0.18763109079324147,0.9309085312470613
188,Zakharov Function,0.36462708057545395,750,750,0.45633541631836405,0.36462708057545395,-0.05920787424766377,-0.03954621138588588,-0.45633541631836405,-0.14598120971865902,-0.09963135940256641,-0.03140133421687252,0.01951207456873289,-0.17042441139118888,0.18852605298595437,0.21148808677780412
189,Zakharov Function,35.83468567625183,750,750,4.25423864119456,35.83468567625183,-0.3047286437962892,0.3009653768382117,-1.9133140834169273,0.2589748240235712,4.25423864119456,-3.4240736863616945,-0.6975824233366918,-0.19969551472299468,1.0352264786507182,-0.036729769443532526
190,Zakharov Function,5.0352710094859,750,750,1.1018468554039051,5.0352710094859,-1.095677479751434,0.3375304883056389,-0.6108562954881395,1.0706207442195705,0.2824418261024648,0.1533686974029197,1.1018468554039051,-0.42183098747330017,-0.7907076505875668,-0.1983595544585513
191,Zakharov Function,8.173676624346504,750,750,2.0288774976347397,8.173676624346504,0.0816649918888872,2.0288774976347397,0.908697274656916,-0.6082995784654958,-0.13802256484084596,0.39694284214771614,-0.17925116278611497,-0.08060944143427065,-1.3974151906101673,0.8279940144877647
192,Zakharov Function,75.87734267979343,750,750,4.356294626842364,75.87734267979343,-4.085957283698339,-0.14074106586866775,3.359372319711505,-4.356294626842364,3.4418498628035596,-1.5302636263776122,-2.4763771713745406,-0.5965994421817548,2.801398771955623,-0.04941917669420892
193,Zakharov Function,131.5085968587003,750,750,8.648089337100874,131.5085968587003,2.170758522750239,1.082074820195735,-2.557606930005445,-2.311930361467781,8.648089337100874,4.4982036569427555,-0.5740075890394813,-1.1100695265199019,-3.929377585846675,-0.7746504677780728
194,Zakharov Function,6.33837332128002,750,750,1.8802583293491621,6.33837332128002,0.04983861121439584,0.4606464738787541,-0.07704345899892973,-0.2900508646846367,1.8802583293491621,-0.6456454579979488,-0.998780194139318,-0.2236427522377612,0.8173770109503024,-0.2710649048855306
195,Zakharov Function,0.4832056555023474,750,750,0.5223529572551514,0.4832056555023474,0.11192212272747537,0.12386753512618232,-0.5223529572551514,-0.11958679430154853,0.32488265147269224,0.12902205954988866,0.0913112536861655,-0.19020727929949446,-0.01357263945098297,0.032299882140404024
196,Zakharov Function,1.7671601953826772,750,750,0.9131666466229238,1.7671601953826772,-0.9131666466229238,-0.3399978530657465,-0.054135547691781194,-0.030519226214916373,0.18042592334426277,-0.13496875204422842,-0.6100907274121823,0.030796578044463507,0.5397139956731215,0.03542869808605997
197,Zakharov Function,29.306825121302712,750,750,2.8834568642683434,29.306825121302712,-1.1184133896787185,-0.1681068728487379,-0.8976316343506898,-2.3244029484356137,-0.5300524465914946,2.8834568642683434,-1.734342612364702,-0.2788588957053978,2.8425797360554235,-1.0926743299534118
198,Zakharov Function,2.4593000561883707,750,750,0.7658673458968164,2.4593000561883707,0.3228259476717213,-0.17375853564983695,-0.22428612899473976,-0.4472526503587808,-0.7164716508373342,0.12329079035334842,-0.4363665840169732,0.40528488413372976,0.7658673458968164,-0.29766200570242596
199,Zakharov Function,1.0304520395663999,750,750,0.5626930188070333,1.0304520395663999,-0.16442309862453794,0.03213403530012979,-0.5626930188070333,0.1875709783199218,0.4946471942196365,-0.20236009158823726,0.08492097560079923,0.4436415910412456,-0.054487428134009044,-0.39541967217726237
200,Zakharov Function,0.00024811280392008516,1000,1000,0.012446278410143853,0.00024811280392008516,-0.001292324891734708,-0.003433535740004881,0.0021973568088412034,0.0025167210600330007,-0.006277713313970187,0.012446278410143853,0.0006699263560128975,0.00015498433931334082,-0.0004560461691537447,-0.004974101427293005
201,Zakharov Function,0.06196205814085625,1000,1000,0.14349801030188325,0.06196205814085625,0.05563809615536379,0.02468977858581326,-0.10708201982713775,0.006632618474990171,-0.009868656807567391,-0.03842668842062999,0.14349801030188325,0.026225117408974298,-0.08094628117348754,-0.02717866095211416
202,Zakharov Function,1.9671139345234325,1000,1000,0.6917411534670075,1.9671139345234325,-0.26151855168585636,0.49434392500854385,-0.1563073690628989,-0.6689096602743972,0.6917411534670075,-0.5551886493238455,0.3600027408462527,-0.1806050051512516,0.31248661705088515,-0.21705414109197163
203,Zakharov Function,0.23167155148664087,1000,1000,0.2258765302202969,0.23167155148664087,0.19135614636793663,-0.10059322000732007,-0.012000796405974831,0.15552442096744482,0.10210808102811036,0.0006864941337426655,-0.196780888341957,0.17559574400950256,-0.2258765302202969,0.11657571646692624
204,Zakharov Function,7.338924121309477,1000,1000,1.8596754626977803,7.338924121309477,-0.1564980540716424,-0.23583959825902212,0.8064923435832785,0.9859886320768005,-0.6261536099266662,0.448157918020722,-0.6111756677953959,-1.8596754626977803,0.36904566108129777,1.029462402925132
205,Zakharov Function,69.8067628006599,1000,1000,5.919267190504399,69.8067628006599,-1.3870542898949054,3.115155773073498,0.4454609000994624,-2.0433363394663298,5.919267190504399,1.4147457670665329,-1.6726437201921982,1.5452737192271222,-2.0048197080600243,-1.6025843120327736
206,Zakharov Function,1.860847883497432,1000,1000,0.7871699850610601,1.860847883497432,-0.1048898218752653,0.023342410609091258,-0.7871699850610601,-0.355148822508515,-0.5357979482975763,0.21756834122322644,0.2962779438536115,0.5525223793177223,-0.39298362934407227,0.2949906527254468
207,Zakharov Function,3.4749622070356856,1000,1000,0.9155278065550783,3.4749622070356856,0.6079813954968804,0.7804539874978071,-0.3176711890465196,0.8948968521567007,-0.40050371995886397,0.15590818585425537,0.7130540225439399,-0.1403922468518154,0.13912217760419132,-0.9155278065550783
208,Zakharov Function,1.0900375936844178,1000,1000,0.6468293588638303,1.0900375936844178,-0.14752581933453757,0.08316340155297638,-0.3143721524932987,-0.16551667668116998,0.6468293588638303,0.5542684214746596,-0.3179660928580146,0.0857276169106336,-0.29532237502783293,-0.09216802907421212
209,Zakharov Function,0.10165198415259571,1000,1000,0.1655631690128605,0.10165198415259571,-0.013182371890752354,0.013536582755865577,-0.13725938222991302,-0.0887538663050598,-0.09811157316591912,0.12217719638662078,0.1655631690128605,0.09565686111962826,-0.06260780677663429,-0.09174228592698053
210,Zakharov Function,1.740026098425743,1000,1000,0.6709738525472807,1.740026098425743,-0.16296051546648863,0.6709738525472807,-0.36903342072027245,0.45060070873711355,-0.5560366808773296,-0.5802713117484242,0.2786979630783676,0.16480441877912094,0.34541880858533913,-0.21608840476169522
211,Zakharov Function,1.2736898806520494,1000,1000,0.5834965275930029,1.2736898806520494,-0.175401601079692,-0.2853316957292944,-0.19644980509206567,-0.43099450036092724,0.5112853662336101,0.5834965275930029,0.22127505751330034,-0.023738058699221243,0.08358394627332527,-0.46097873961083147
212,Zakharov Function,0.005654067228721281,1000,1000,0.05142706520052656,0.005654067228721281,-0.0011642037635115655,-0.012910107276776092,0.01947038349207269,0.03253007526459645,-0.05142706520052656,0.0050392898831538215,-0.00596971433812319,-0.023018555450470282,0.00015415865691119704,0.028312872279890135
213,Zakharov Function,13.411345955004796,1000,1000,2.4511496909762727,13.411345955004796,-0.26762525809754584,-2.173375033956384,-0.355769588445656,-0.027092357243768656,1.0943114290371365,-0.7511188396006524,2.4511496909762727,-0.13611780627866582,-0.5131091070671445,-0.615599213886476
214,Zakharov Function,0.6100839575371391,1000,1000,0.36350505106667086,0.6100839575371391,-0.16712740602488158,-0.36350505106667086,-0.22114705065669715,0.27127016090531536,-0.10684023249194997,0.31033366286953035,0.21890924724588445,-0.33920736602881196,-0.03190346125028461,0.10294213102775396
215,Zakharov Function,2.366090528748304,1000,1000,0.7590439788509411,2.366090528748304,-0.04669506102486615,0.3918905572780391,-0.2947643906061529,-0.25763029153620376,0.07150250770230049,-0.7590439788509411,-0.3598219462000052,0.5079689673722014,0.22031722492897401,0.025238797191887763
216,Zakharov Function,0.6438796573054313,1000,1000,0.364279071883565,0.6438796573054313,-0.1054249255086437,-0.3127306679785239,0.30912328364460717,0.22612314694091207,0.364279071883565,-0.26022265214358575,-0.22270841134058872,-0.11626342942184006,0.08245979016078638,-0.02652736229739735
217,Zakharov Function,0.35643278001216444,1000,1000,0.3349803431069035,0.35643278001216444,0.04324956731778039,0.16069857057974393,-0.006874081617305572,-0.3349803431069035,-0.01980685796384217,0.16485688160070822,0.2059130526791978,-0.25125904582085135,-0.07625449014628824,0.17800302755332476
218,Zakharov Function,0.3658739544637816,1000,1000,0.3586309361569431,0.3658739544637816,0.16202515789116823,-0.04735435124147386,-0.04800576581942195,0.012505106562963927,-0.04229969189544869,0.13650434983409315,0.356304392586832,0.0022292812588466937,0.002338492028455874,-0.3586309361569431
219,Zakharov Function,0.39020485313059355,1000,1000,0.3619115611091165,0.39020485313059355,-0.16458175770825317,0.24972515171493193,-0.07024485714961169,0.3619115611091165,-0.014378437598466437,0.17107882375245673,-0.1344091150091799,0.15406966738941325,-0.11688688965904959,-0.12761183191041583
220,Zakharov Function,1.0481098021173727,1000,1000,0.7714227990510836,1.0481098021173727,-0.18595852612423086,-0.42597566123470004,-0.026122132549547396,0.7714227990510836,-0.0038676726407990136,-0.01184120577075165,0.2330758631279023,-0.368997792484819,0.10136369556416935,-0.11810568194014825
221,Zakharov Function,4.916437924233924,1000,1000,1.284105550431903,4.916437924233924,0.1532200605640524,0.5369857840357752,-0.3527443867621788,-0.6256398340688747,-0.5240790882315378,1.284105550431903,-0.6771022194648064,-0.8225151899933176,1.0117503415687619,-0.06361138319184158
222,Zakharov Function,3.533233007225006,1000,1000,0.9495332453142155,3.533233007225006,-0.9495332453142155,-0.35128245398015645,0.5557031634113463,-0.11256247447516635,-0.5429021279020472,0.23046799865310885,0.6280738674447095,-0.5266276490949284,0.27332054460020916,0.07437045592347857
223,Zakharov Function,0.16012091139732637,1000,1000,0.19818524534215975,0.16012091139732637,-0.08415878123477422,0.03223843664064356,-0.18904599393100008,-0.12128385314120449,0.19818524534215975,-0.13999110242126406,-0.10742373494112056,-0.03245303075965128,0.16062272491336085,0.03806358089089226
224,Zakharov Function,1.4001503950968266,1000,1000,0.6602130764375453,1.4001503950968266,0.016629273877488606,0.2434465759265574,-0.2344937090209701,-0.5874122984640535,0.22124613852609631,0.49332006369947456,0.30696945739066844,-0.6602130764375453,-0.09752511434522752,0.28280218716111083
225,Zakharov Function,0.05572032917934226,1000,1000,0.07935874853154676,0.05572032917934226,0.031749486536633356,-0.06679229010618272,0.02878035674902263,-0.0045629605113595775,0.058058599959780924,0.010171702875089235,0.07935874853154676,-0.0512677833542662,0.014463137558143008,-0.02185000620666045
226,Zakharov Function,0.04569346163529954,1000,1000,0.10306612286690597,0.04569346163529954,-0.015329263358423714,-0.0926759002275449,-0.10306612286690597,-0.005713928296946859,0.10236808499886979,-0.04337360532139632,0.08974883784233814,-0.04651992458104278,-0.0420334950099955,0.03536841646517708
227,Zakharov Function,0.47321972416513414,1000,1000,0.44251425453065446,0.47321972416513414,-0.44251425453065446,0.15079676425258715,0.29848613985976524,-0.13844466943106443,0.09707431928369892,0.3061112639938547,-0.16741198330533613,-0.04129791955613862,-0.06019488067826932,-0.06322110746247961
228,Zakharov Function,2.750033560882205,1000,1000,1.0129109002251646,2.750033560882205,0.5616613585185724,-0.3858232042383811,0.3268154018653789,-0.4646558134441512,0.8400490255884647,-1.0129109002251646,-0.27734930224014287,0.03373404589799833,0.35920558898167204,0.12088243438918411
229,Zakharov Function,3.3450644220974834,1000,1000,1.0262308088189176,3.3450644220974834,-0.6580372046005953,-0.13640213984076877,-0.0730860156271182,0.030584857203036525,-0.4097239568108317,0.6436158553550232,1.0262308088189176,-0.9653482414662338,-0.07032842604905848,0.13649893275353048
230,Zakharov Function,0.49111963533670544,1000,1000,0.32942487654193947,0.49111963533670544,0.10652571125029303,0.19757911579453752,0.3150047507741405,0.05697823197407658,0.12863087842316479,-0.06335154897242068,0.32942487654193947,-0.057860276442943406,-0.30444532190290696,-0.0404321322811101
231,Zakharov Function,5.0058177550564436,1000,1000,1.0290021459921315,5.0058177550564436,-0.16498756895642153,-0.1751948645871628,0.6888578706668866,-0.5498294175667983,-0.1622677280021444,0.7974575261032506,-0.6699119627732093,0.5165137731591859,0.9928120610643434,-1.0290021459921315
232,Zakharov Function,0.008158621886681577,1000,1000,0.05221660559211761,0.008158621886681577,-0.017456576143916703,0.019611211645758176,0.02487379349607407,-0.01799614142035091,-0.01568506352218386,0.023105925806933224,-0.01537812510340569,0.0017037665191342779,-0.05221660559211761,0.05077959785608131
233,Zakharov Function,1.1373628975149834e-05,1000,1000,0.0022601946402733917,1.1373628975149834e-05,-0.0013651276763756556,0.00034529613918194563,-0.0009402304663327311,-0.0010252228633914674,0.0022601946402733917,0.0004987768013553474,0.00035986211451194514,0.0005472407129924714,-0.0005346590723052233,-0.0006873432111513215
234,Zakharov Function,1.4835886044854034,1000,1000,0.6507631631968351,1.4835886044854034,-0.5518789873917155,0.17316773817030823,-0.20135482237105423,0.01816656273768333,0.2588179840293874,-0.417936013345351,0.6507631631968351,0.01067884395113812,-0.5957413615950895,0.2841190281063769
235,Zakharov Function,8.576626391024018,1000,1000,2.287515077104108,8.576626391024018,-1.1048300107261375,-0.2606934326323871,0.28159648645194824,0.767112951874841,-0.28555998939490096,2.287515077104108,-0.3097010533809015,-0.9028957958200259,-0.16291500218705374,-0.2754362491594297
236,Zakharov Function,6.3649414034620735,1000,1000,1.491835275865983,6.3649414034620735,-0.11245019160058786,0.6632933703044006,0.5128494187514222,-0.6158428787668141,-0.8493358277150942,-1.00675886336058,0.518386010156561,-1.014772336114344,1.491835275865983,0.09894592167342675
237,Zakharov Function,4.242706249053201,1000,1000,1.1627178991098654,4.242706249053201,-0.48051768791489663,-0.014238711491524267,-0.7219448935117008,-0.5505080144248197,-1.1627178991098654,0.7835695577662267,0.7829336799149988,-0.45491677480823395,0.6011839215203668,-0.15210983378958493
238,Zakharov Function,113.40628373107279,1000,1000,7.124109363517878,113.40628373107279,2.6032841329533296,-0.48732522148628665,-0.34727745784386466,-7.124109363517878,-4.4190516203303645,3.3139086932612374,-2.6434235706698948,2.1245868399197287,-0.572640090111793,3.550902032460476
239,Zakharov Function,0.4986318309694688,1000,1000,0.5285190956537158,0.4986318309694688,-0.11821564309798599,-0.2173040755181459,0.23617145228585273,0.012928544385439,-0.10467099946067959,0.5285190956537158,0.0853271148942236,-0.12270527360553013,-0.18939019387215933,-0.041798847632643715
240,Zakharov Function,1.304965449409368,1000,1000,0.6653435516964382,1.304965449409368,-0.33888166689645627,-0.575733017591775,-0.034239617328630706,0.05480977280592844,-0.037285014802529215,0.31467186158874305,-0.1549095806162047,0.6653435516964382,-0.14209483257723773,-0.3927474662963977
241,Zakharov Function,0.08081089868059643,1000,1000,0.12097411830773283,0.08081089868059643,0.09500946450498077,-0.05136158895413574,0.08392444940626068,-0.08744494589290638,-0.12097411830773283,-0.03884180078053242,-0.050786539797930436,0.10614116160083946,0.10312591163984097,-0.02497396045589364
242,Zakharov Function,1.8594790829264016,1000,1000,0.9849535199964332,1.8594790829264016,0.4562988576433107,-0.1333305126048081,-0.4852602819847551,0.06674711026022845,0.2790382994923159,0.9849535199964332,-0.196052021954833,-0.21690581630170613,-0.1918681609338702,-0.0610568731228832
243,Zakharov Function,0.19763761883730557,1000,1000,0.2573972616824041,0.19763761883730557,-0.08570304900370795,-0.007769138996135728,-0.06786968538643628,-0.2573972616824041,0.22406624580795942,0.07174512580002822,-0.19530569150506816,0.04707988871250825,0.05237600961301031,0.0016447819524564589
244,Zakharov Function,0.0883742608270699,1000,1000,0.1347327613335321,0.0883742608270699,-0.052214210482872114,-0.0038785793663661666,-0.02994475043458701,0.1110855645425745,-0.0700897504863863,-0.020886824366798833,0.11276846075797853,-0.12759402676129852,0.1347327613335321,-0.09983244914662215
245,Zakharov Function,0.040272870710009526,1000,1000,0.11604711288717084,0.040272870710009526,0.06702002002504352,-0.06311399222234677,0.06292650026300992,-0.06108070602785115,0.05634754341115211,0.11604711288717084,0.022432223315478977,-0.013241703286197004,-0.013476517816752173,-0.07163602387524362
246,Zakharov Function,2.537759282637039,1000,1000,0.8848868079590302,2.537759282637039,-0.09459554257334223,0.4278364490279345,-0.27049265179101145,0.0955099820534808,0.22401319793785268,-0.010959140136672284,-0.7361423299504699,-0.7601803585418339,0.8848868079590302,0.08982596095452372
247,Zakharov Function,3.021106623278631,1000,1000,1.4093804488163328,3.021106623278631,-0.371091998722767,0.22785093372446974,-0.2558658908535896,0.266597738103196,0.34630750063783533,0.15400979492333794,-1.4093804488163328,0.2890516267087886,0.281138583446608,0.2984998050559423
248,Zakharov Function,0.02279396594118481,1000,1000,0.08866682444723877,0.02279396594118481,0.01110062389505316,0.025753993183234125,0.01055360410933149,0.023666641714996557,0.04269269709222069,-0.014678222185734977,-0.014715123522964911,0.029582144370286716,0.027058845701082773,-0.08866682444723877
249,Zakharov Function,20.353082082767123,1000,1000,2.8858881065569677,20.353082082767123,-0.22013716842606723,-0.10829021279942153,-1.146942250897386,2.735561686031159,-2.8858881065569677,0.534570854732323,1.0377446307318245,0.010702974310614562,-1.1238767739235174,0.7206330369103422
250,Zakharov Function,45.94729146534559,1000,1000,4.123906676463946,45.94729146534559,-1.4553528364738324,-0.263418729022753,2.967996161018224,-1.5360218308255478,1.396394471064652,4.123906676463946,-1.3361549314363852,-2.398331541257773,-1.9878614357939157,1.268239788665273
251,Zakharov Function,0.01411114148924191,1000,1000,0.07729916029125418,0.01411114148924191,0.022223648750904833,0.00922472771244749,0.001959129255962414,0.002422738438193403,-0.07729916029125418,-0.019923759947916973,-0.05296960718657622,0.004068169194085478,0.058188909353398294,0.02219479806704592
252,Zakharov Function,104.52335916131904,1000,1000,5.1852074218379824,104.52335916131904,-1.083800270148936,-0.002609999810791297,5.11922925838531,1.065284320987044,2.160025173436951,-3.95522294054017,-1.5191657325038685,0.7358092202489732,-5.1852074218379824,4.806422403301902
253,Zakharov Function,0.7650944191884077,1000,1000,0.4352488872178011,0.7650944191884077,-0.09065600063394727,0.028830724314409056,-0.3149694562002754,0.4352488872178011,-0.35579902027741706,0.3445503393592571,0.3363385827342031,-0.2936037774674608,-0.04178429288995951,-0.04050972193024078
254,Zakharov Function,30.479848201232777,1000,1000,3.0608351734547097,30.479848201232777,0.037559994435032024,-0.030881716258425118,0.3540586213107055,-2.2403029548115576,-2.3518736667994196,-1.8439054775116865,2.0887397631412155,3.0608351734547097,0.4868379327683944,-1.3943010930994173
255,Zakharov Function,11.11231613798537,1000,1000,2.5629686575205914,11.11231613798537,0.8603396676727839,-1.03173662334633,-0.1603866430114035,0.2018033064676602,0.33851932618461367,1.3307360028179265,-2.5629686575205914,-0.2076464162208363,0.523279616625503,0.5282445807038444
256,Zakharov Function,188.22320166222957,1000,1000,9.096875904473514,188.22320166222957,2.2009726510748084,-2.6163562041756068,3.2825100866311328,9.096875904473514,-7.2373932031429575,0.23481122500396667,-4.058794473455329,-0.3571680815491869,0.9961898115762184,1.0422970612518583
257,Zakharov Function,3.4006467428409586,1000,1000,1.2704505641644215,3.4006467428409586,0.020858141285228796,0.2172826729825307,0.12194356567925727,0.5621792539991064,0.2785880307489922,-1.2704505641644215,-0.6157118729746487,0.9666173577500207,0.0837930344370848,-0.09735564051264445
258,Zakharov Function,0.827995081500836,1000,1000,0.7043518232573269,0.827995081500836,-0.12291948562007061,0.17625557952285908,0.305390106829147,0.07875746815977594,-0.13553309155397567,-0.7043518232573269,0.4023939467124248,0.039414046161202435,-0.03131549710531187,0.05823334981229418
259,Zakharov Function,0.16532111200810365,1000,1000,0.25516711203673736,0.16532111200810365,-0.08497987225394718,-0.22656352971326896,0.09890806856770445,0.10828933089680534,0.000338037905022751,0.06450305680945291,-0.25516711203673736,0.044059557502390836,0.06117079240553021,0.010167951451792223
260,Zakharov Function,0.00031848051033943645,1000,1000,0.009850319532996579,0.00031848051033943645,0.005565315079368438,-0.0022801806507868655,-0.0016455324501270495,-0.009850319532996579,-0.003900632249079838,0.002483351671320386,-0.0030661640958129146,0.005090885990513888,-0.006194533906362485,0.007263469439658471
261,Zakharov Function,0.8028159359652046,1000,1000,0.4952083735013155,0.8028159359652046,-0.3950316065281128,-0.06914197110178422,0.26407832444458373,0.4952083735013155,-0.2862955644567993,0.30699098550376597,-0.05121542752814634,-0.3046929567907906,0.12789396453967095,-0.12994091038584699
262,Zakharov Function,0.23877616300323107,1000,1000,0.24136702155189915,0.23877616300323107,-0.0533770159997659,-0.015109821044534753,-0.19055965993893376,-0.17426050708030788,0.09180846440173915,0.10992802388660557,-0.24136702155189915,0.12172442696393354,0.14020689910533443,0.014706226381206847
263,Zakharov Function,190.66576067694876,1000,1000,10.476560464404697,190.66576067694876,3.357963027464689,-0.8542195993287613,1.5763793779077653,2.1330764178606767,2.7152602239784493,6.0397078306158,-10.476560464404697,3.8235746981080796,-1.2938456270139052,-0.8790482832836375
264,Zakharov Function,8.661388899682184,1000,1000,2.35160602664698,8.661388899682184,0.2588186171060788,0.9458430955833133,-0.16022696989387708,0.4307848538580421,-2.35160602664698,-0.17947238530893506,0.15702720267409837,-0.5168670763644776,1.1836203254700344,0.09561776949347583
265,Zakharov Function,22.709924709212707,1000,1000,2.364232748468485,22.709924709212707,-1.5386799156130064,-0.04643270162286306,1.8515970190566815,-1.9392266472712079,1.427884403790027,-1.3381745546564483,-0.8805346697047445,2.364232748468485,0.29087198115831026,-1.2388169765689874
266,Zakharov Function,5.43521284761842,1000,1000,1.4309941177262633,5.43521284761842,-0.19550188561221082,-0.3044092769566201,-1.316168211466275,0.14919656946634252,0.3411120619934783,-0.9281931346352899,1.4309941177262633,0.06021929474938466,0.4025707858159627,-0.590051806423748
267,Zakharov Function,3.7165674089530034,1000,1000,1.0808428168906201,3.7165674089530034,0.18898427423708902,0.21264574288776383,-0.6386494226043141,1.025418278069419,0.33973197938179667,0.6051840870392464,-1.0808428168906201,-0.3763306390263014,0.44104293535385886,-0.2229521760241946
268,Zakharov Function,1.7018833521985577,1000,1000,0.5489327159596864,1.7018833521985577,0.18612187104930666,0.5489327159596864,0.2365198652189604,0.5128400590048936,-0.45749289337574306,-0.2665864097140469,-0.4915715138584742,0.506558231728451,-0.0012259670006593004,-0.16543556372158885
269,Zakharov Function,0.37983177605917184,1000,1000,0.3433470052884444,0.37983177605917184,-0.0745790360005065,-0.11305677394328183,-0.20427009469392168,-0.3433470052884444,0.2537465718750774,0.11101078293479577,0.2034848139943496,-0.06413612179035602,0.061725719823450875,-0.05942939660089506
270,Zakharov Function,0.4265244382907159,1000,1000,0.37882267363748473,0.4265244382907159,-0.07017007149468057,-0.0014906825622261755,-0.05182912293574335,0.323288485659004,-0.10499193852020644,0.1269681246331158,-0.2242723943780668,-0.16750938065407817,-0.25191935600300747,0.37882267363748473
271,Zakharov Function,37.10671384289409,1000,1000,4.569404841211187,37.10671384289409,0.1524587951722177,0.014110695967726516,0.2981573845562383,-1.7299455559496164,-1.4982588268169361,1.0694544015646992,4.569404841211187,-2.903844528484094,0.41432456705208054,-0.6906598696424957
272,Zakharov Function,0.04004211643685821,1000,1000,0.11152968545359514,0.04004211643685821,0.07402897313904062,0.03357535782930239,-0.08604683131820072,0.031010047040729124,0.028172367684561994,0.03820679635877178,0.055931422119312776,0.06557130383490949,-0.11152968545359514,-0.03690983404363031
273,Zakharov Function,4.74016087688972,1000,1000,1.1570831113724804,4.74016087688972,1.1570831113724804,0.618054025213304,1.0666837890329552,-0.6772978784961385,0.11730943669428207,-0.6693563432711539,-0.010520755823088201,-0.5441825842860959,-0.2126965587788372,0.595386995023663
274,Zakharov Function,0.0030969033198762126,1000,1000,0.034581620101388766,0.0030969033198762126,-0.034581620101388766,0.001991669626152902,0.004344843936765763,0.007265214136208984,0.019549752179380847,-0.0003419489587210003,-0.02303240965169322,0.0032745333220115178,0.018291604807759397,-0.017012196947565075
275,Zakharov Function,82.86912396551084,1000,1000,4.571705196667093,82.86912396551084,2.233102548441529,-3.938966483271198,-0.6035019791699701,4.571705196667093,-2.9147768370049585,4.178515199070309,-2.5839530939097655,2.217456651772783,-0.40690368350355616,-1.8021826610096547
276,Zakharov Function,5.284940829046795,1000,1000,1.0648703872417244,5.284940829046795,0.4371422875264015,-0.18509866154570576,0.9619461015316215,-0.3868633418429621,0.44713340272679064,-0.9619582240206137,-1.0648703872417244,0.4456132016960724,-0.14639191421374653,0.5667047828946075
277,Zakharov Function,1.465578733379155,1000,1000,0.6431543913750181,1.465578733379155,0.09517551118156597,-0.1514131508707912,0.007274490327758898,0.6260305868663982,-0.15993344793299433,0.6431543913750181,-0.5361736821432241,-0.2892337440660081,-0.32329700875326717,0.3372701324411793
278,Zakharov Function,0.014894691394989064,1000,1000,0.06465778082864664,0.014894691394989064,-0.011030890031696189,-0.027518904406937092,-0.034334360117219936,0.03619546367133673,-0.017354420247175387,0.0483583529355735,-0.06465778082864664,-0.008468617539302434,0.057764259596235254,-0.02334708864545436
279,Zakharov Function,0.02190281035842116,1000,1000,0.07318360782509052,0.02190281035842116,0.07318360782509052,0.04100918488303981,0.027249361550861134,-0.010620055676669002,-0.022777023051612208,0.04909411790159991,-0.036957466172393455,0.06172082776319851,-0.0329839707618899,-0.017956479902761044
280,Zakharov Function,0.1118559908856702,1000,1000,0.19323480446269797,0.1118559908856702,0.07832020126887856,-0.0007415331967974975,0.014415670643022752,-0.05113827215780387,-0.05180027153614971,-0.057539668793393506,0.19323480446269797,-0.1780886259546518,-0.07784879603515363,0.13362149683496122
281,Zakharov Function,5.405806807016341,1000,1000,1.6171089538743368,5.405806807016341,-0.1371032332728198,0.0796929704620273,-0.008760369799864831,0.3779953563988031,-0.3435931576561513,1.1532755096579934,-0.34864023937748334,0.5794475721359345,0.7140665408421328,-1.6171089538743368
282,Zakharov Function,7.861877591703e-05,1000,1000,0.004859702239314739,7.861877591703e-05,-0.004165310311962381,0.004859702239314739,0.002277104426783287,-0.0036238012865900983,-0.0018210708169411971,-0.00026100639841102513,-0.00038955106435379326,-0.0003432666053566403,0.003628126149324837,-0.0012425157819312231
283,Zakharov Function,0.008726758092037384,1000,1000,0.06047106780303765,0.008726758092037384,-0.04108791771824855,0.06047106780303765,0.04214749660560903,0.011058715005947017,-0.00259983425197667,0.014094711839658033,-0.001782593762049478,-0.017978287974900788,-0.01817707134950653,0.004673266385477839
284,Zakharov Function,0.03726584948381882,1000,1000,0.08654188594948484,0.03726584948381882,-0.026243957642406543,0.06593142010837105,-0.04681568810311626,0.08654188594948484,0.01998148501440162,-0.04993871055543733,0.03447734342276678,0.021696452822166024,-0.000264051435272597,-0.026327794535151924
285,Zakharov Function,169.7448572619468,1000,1000,9.141532608085853,169.7448572619468,0.2929001488668154,0.9574881724239748,0.7339116949845893,1.1257008375099136,-2.316713387450634,-9.141532608085853,-2.973234276798698,8.235941822454903,0.10360267885344882,1.1488844792433652
286,Zakharov Function,21.890674693756264,1000,1000,2.7318182153982553,21.890674693756264,-1.1780139319330365,-0.5091615791812429,-2.4996578861465073,-1.9843949358719621,0.679729884943107,2.7318182153982553,-0.5334510368436003,-0.9289583664399832,0.3254659172077521,0.7149866114619697
287,Zakharov Function,32.89619862954308,1000,1000,3.880591858685852,32.89619862954308,3.880591858685852,-1.0334801397155726,0.9047787259702202,2.339116316194541,0.08773265036023967,1.514284173975239,0.9712331795563303,0.2158546938460182,-2.2281150038741284,-1.3098906254814695
288,Zakharov Function,0.19069695985184568,1000,1000,0.1699910799447162,0.19069695985184568,0.017977610817210585,-0.1699910799447162,0.007848775676547376,-0.022494188837638818,0.02592931601828874,0.14512481491756465,0.012037888064894975,-0.032781068925387555,0.09442697205650569,-0.061268410741093654
289,Zakharov Function,0.7696919589988075,1000,1000,0.4589396705417428,0.7696919589988075,0.2402829229302082,0.21006549643705685,0.31886412168328404,0.16696246237301982,0.196458179341385,0.4589396705417428,-0.2550084164066704,0.18930959885416654,-0.3501857666480052,-0.24504599050717446
290,Zakharov Function,0.21191998078588534,1000,1000,0.26517821078383425,0.21191998078588534,-0.24625244921817552,0.05869966367699905,0.01584676852631875,0.02336390664814253,-0.1917681072370086,-0.018107649231975165,0.26517821078383425,0.009761936101622598,-0.17858557861042876,0.06019888378584892
291,Zakharov Function,0.07951598712047986,1000,1000,0.15500730658918363,0.07951598712047986,0.10179933740820493,0.01816905553830736,0.10390976154104975,0.15500730658918363,-0.04003116264624223,0.012259848325511968,-0.1366831446889197,-0.031009637752570526,0.07660335731605504,-0.027360402931949655
292,Zakharov Function,0.204105976467352,1000,1000,0.27785247619560716,0.204105976467352,0.06984490930267055,0.06204853831608434,0.1200818317833347,0.004852868395088802,-0.08873044097952383,-0.2409568056878923,0.27785247619560716,-0.017727219482110958,0.03889143839402297,-0.04760432214406424
293,Zakharov Function,1.1078268723746028,1000,1000,0.5838541420842316,1.1078268723746028,-0.2833875941640189,0.03703619780089277,-0.34128470635963953,-0.5838541420842316,0.4284251230999565,0.024337860757430847,-0.5139260289765183,0.11816906011599868,0.07776953302244874,0.31008881090378876
294,Zakharov Function,1.048006749584973,1000,1000,0.8403843160935531,1.048006749584973,-0.17753840115190922,-0.8403843160935531,0.10064644118405544,-0.13800813929157,0.3962765612588116,-0.10924395650914494,-0.22398815014600243,-0.0661855651501958,0.07884647829949673,0.22391768931325473
295,Zakharov Function,20.631401464093592,1000,1000,2.6408833123564004,20.631401464093592,0.36503445149114144,0.9164425775641307,-1.758684437145165,1.9212627151827533,0.624752378400943,-0.3699977519921624,0.029075799426414306,2.6408833123564004,-0.6442798787462183,-2.184274596408284
296,Zakharov Function,0.5180323368989946,1000,1000,0.41831055939829703,0.5180323368989946,0.1921048303302737,0.0066448176794610125,-0.13527456855006686,0.24968374056011677,-0.04593558188407223,-0.4091911491465757,0.10799940032710262,0.41831055939829703,-0.02662383350605147,-0.17507223332306654
297,Zakharov Function,16.310459833379188,1000,1000,2.266008232577052,16.310459833379188,1.913919262841795,0.6750608678781342,0.2788579147064507,-0.2409227406439416,0.8646507869910488,2.266008232577052,1.0867561398683092,-1.2223588199836213,-0.0343726215414748,-1.869139701952293
298,Zakharov Function,438.7577315394844,1000,1000,11.939883201411174,438.7577315394844,3.5332476524422374,4.215878978004384,-5.777739284854766,3.315113691896574,-11.939883201411174,8.151499914686912,5.369144535553774,-8.331835066417845,-3.5663612447672497,6.56610367927518
299,Zakharov Function,2.3849946970663063,1000,1000,0.897570908731186,2.3849946970663063,-0.0312455142102199,-0.3238649809964155,-0.6785620424759348,-0.14407065812569325,-0.4225925177590799,-0.15451861070947842,0.07780379087749767,-0.7041175599686176,0.897570908731186,0.24677544389963657
300,Zakharov Function,4.258979951002693,1100,1100,1.3494386614034708,4.258979951002693,-0.20755387468972658,1.3494386614034708,0.22204614111047238,-0.06338481382062058,-0.8554028334890269,-0.27098669319717605,-0.31171039874535766,0.319657272845537,-0.5159063193613632,0.5869537122634008
301,Zakharov Function,30.236605591908816,1100,1100,2.8156411648548523,30.236605591908816,1.5441748723658093,0.20432994619856604,-1.2606438113220484,-2.6582223086520793,1.3276555931485574,-0.6195364501204574,-1.7780574265216067,1.4482716046557313,-1.9528333441019092,2.8156411648548523
302,Zakharov Function,0.007638776937206688,1100,1100,0.05520760218558354,0.007638776937206688,0.05249213725209417,0.02050162944397882,-0.003924519487769211,0.05520760218558354,0.013928132950201424,-0.02050827795756514,-0.01083514429025667,-0.006558013223466301,0.00036893741814585795,-0.01621787178273892
303,Zakharov Function,8.45672938527145,1100,1100,1.5476259482894905,8.45672938527145,-0.7086227861145946,1.248607882289757,0.7445281462309978,0.37549143657322215,-1.5476259482894905,-1.2632688183912122,-0.48706956953685965,0.08271032205378914,0.1612829176213978,1.1645215649989928
304,Zakharov Function,3.959793212607025,1100,1100,1.1691418971347098,3.959793212607025,0.6357280477724542,1.1691418971347098,-0.8517828684213737,-0.3599283495112967,0.7777824666410535,0.2694937065112468,-0.09106012238490058,-0.7162854912163303,-0.03548450423004381,0.15731394537978188
305,Zakharov Function,0.030376188105178857,1100,1100,0.10690718427526236,0.030376188105178857,0.014642590232353581,-0.019815055657906408,-0.08068887762767853,0.04974770478394732,-0.0020804415108200067,-0.10690718427526236,-0.03214198820788822,0.02881420429270387,-0.013394493982400776,0.07547213323304694
306,Zakharov Function,1.7128151096561302,1100,1100,0.7291455048251504,1.7128151096561302,-0.3768178120062218,0.115622384340056,-0.5887369410229364,0.03556789683357356,0.512805581417186,-0.039316757288039586,-0.7291455048251504,-0.08456910875414547,0.6292710695372984,-0.06038030900640137
307,Zakharov Function,0.30897130085793334,1100,1100,0.30689883279486496,0.30897130085793334,-0.04648670428636925,-0.24300134309276936,0.0921473956593094,0.18531941219435175,0.04051268304150364,0.04731663602645553,0.30689883279486496,-0.10522441237763439,0.039382315053101295,-0.2856231041977358
308,Zakharov Function,15.479336506892821,1100,1100,2.755478636761958,15.479336506892821,0.5076956698054773,0.7744595853969705,0.15645130264066648,-1.2947142018432851,1.4201443030878704,-2.755478636761958,1.7191147633736392,0.40062387111897935,-0.4159552663899707,0.029764719527374417
309,Zakharov Function,1.6467010517298089,1100,1100,0.6414239527461024,1.6467010517298089,0.5547569902278974,0.30313697516635874,0.35526499041514026,-0.6414239527461024,0.4875347888123347,0.35885292125831625,-0.037089887683349004,0.12775824572011013,-0.5533394421272186,-0.03014428284538037
310,Zakharov Function,25.462597142890438,1100,1100,2.8235554519231068,25.462597142890438,1.4075232570267047,-0.4759411893495612,1.7163882785005349,0.7652788240709509,-2.8235554519231068,0.2884515133350881,-1.3053516325378516,0.4008837286952409,2.6340424970158756,-1.230539432828365
311,Zakharov Function,46.92818134128833,1100,1100,5.745083651100625,46.92818134128833,-0.9244594676557497,-1.4152999391139545,-0.4977019054402332,-1.2315546404913562,5.745083651100625,0.8530533125472776,1.435310332019939,-0.08069697248926694,-2.1154143246221397,-1.4219419753766505
312,Zakharov Function,4.954106785189104,1100,1100,1.1765830322905562,4.954106785189104,0.4300409416465767,0.07864769088329138,0.1593370305340358,0.18726347705309532,-0.6032090272259305,-1.1765830322905562,-0.8895433583586492,-0.07234268929511323,0.5171423419996587,0.8774531617304264
313,Zakharov Function,0.14336528035470517,1100,1100,0.2042045354253169,0.14336528035470517,-0.02177626490872002,0.07364461088666333,-0.163706101041883,0.07861332403782109,0.2042045354253169,0.02318804415024872,0.15032881475620657,-0.03114637323513264,-0.19607330139501666,-0.015216212093083024
314,Zakharov Function,37.15699429879143,1100,1100,3.856697749829244,37.15699429879143,1.6669402112467608,-1.1406278086861594,-0.3633834311468964,-0.7553747956932458,2.0550841564252367,-1.029207403985976,3.856697749829244,-3.2826200653841777,0.4397125824867347,-0.23934059337259522
315,Zakharov Function,14.514042400725822,1100,1100,2.439828259461164,14.514042400725822,0.9718548438890462,-0.0801104245234611,-2.439828259461164,-0.3775151259387169,0.8015038309400548,-2.033768083323572,0.7682244119334496,1.1288283416130196,0.1459786872091251,0.19169498437611954
316,Zakharov Function,0.5810313613210824,1100,1100,0.3828471987602772,0.5810313613210824,-0.039703028640807415,0.12512467098246124,0.0714794939853479,-0.036774135431392005,0.16983358153878048,-0.3828471987602772,0.03179277476887545,-0.29132294776683826,0.14306180586044853,0.28108826954557126
317,Zakharov Function,42.94664892930641,1100,1100,4.015395071074471,42.94664892930641,-0.5298041909559679,1.0470297398780084,-2.2240073517461036,3.101509123672037,-4.015395071074471,1.5718915870839372,-1.2985707140513667,-0.23091463558385728,-1.0084849541901155,2.1865135415835333
318,Zakharov Function,157.11342264395898,1100,1100,7.467968041228064,157.11342264395898,-1.3128205152381276,2.8664669226288115,1.196208645807155,5.326759453363124,-7.467968041228064,-0.15971932032578606,5.313069573350834,3.3243600560303275,-4.502955847437688,-1.418912746956196
319,Zakharov Function,0.4735500931987557,1100,1100,0.39568138900836897,0.4735500931987557,-0.19209647641741195,-0.010433610481109523,-0.04987484794029881,-0.24706080925592974,-0.1978375761032476,-0.05427641875828357,-0.16392981971490916,-0.27961943336120765,0.39568138900836897,0.25867248539435994
320,Zakharov Function,3.98456996921908,1100,1100,1.3041812051354182,3.98456996921908,-0.46374215062027213,-0.050402021494574095,-0.42115050026612244,0.7628316211572886,0.4319276400708474,-0.30942293921070363,0.7947216496255811,-1.3041812051354182,-0.2669575903135477,0.5651369178604468
321,Zakharov Function,1.0366357648805358,1100,1100,0.7489991523429038,1.0366357648805358,-0.10206865792765013,-0.05887922661886302,0.12830558347172139,-0.09430286910579022,-0.09894376055969528,0.7489991523429038,-0.6248370154060023,0.10175336483500388,-0.13089457099591795,0.09092740140034275
322,Zakharov Function,0.00023640233804055906,1100,1100,0.007746259490017213,0.00023640233804055906,0.0012607188923862318,0.005550744452674542,0.007746259490017213,0.007225907306258443,-0.0017004230417908446,-0.0012499108507989041,-0.007131880873506014,-0.004911378064612273,0.0008621057931558597,0.0033797724266967847
323,Zakharov Function,1.8480583274415463,1100,1100,0.817069915359288,1.8480583274415463,0.31673577504758943,0.21184811307095705,0.42693352975104165,0.1381702375716246,0.26605905540738917,-0.024433930310910457,-0.5260196040713278,-0.0708057621161346,0.817069915359288,-0.6926569810840836
324,Zakharov Function,0.24840193037533542,1100,1100,0.36002072359036075,0.24840193037533542,0.0875026344124819,0.11100032407287282,-0.09239690554549765,-0.1173048717171464,0.11719083402397448,-0.11049649001247086,0.03146274721597035,0.36002072359036075,-0.0798051794556186,-0.16066671628359336
325,Zakharov Function,1.3689087273992251e-05,1100,1100,0.0018570962557802112,1.3689087273992251e-05,-0.0018570962557802112,-0.0009513993876525096,-0.0007468956174886106,3.27792155366477e-05,-0.00018579753703007115,-0.000392789775036457,-0.001567191857440421,0.001525272948672845,-0.00029724773991540796,0.0013375270219656483
326,Zakharov Function,0.0038276658399643807,1100,1100,0.04249086795953904,0.0038276658399643807,-0.0017499336366379858,0.0006743855317585532,-0.010738368385290343,-0.04081723685964074,0.04249086795953904,-0.0012121088287963568,0.0036481045642916907,-0.008570962004773615,0.009463544688067317,-0.006090736612528992
327,Zakharov Function,8.073050436899896,1100,1100,2.0013987137334217,8.073050436899896,0.4269630910612314,0.3497653720351055,-2.0013987137334217,0.10303426034957153,-0.3317426005229809,-0.22784810503106678,1.6307067960594968,0.12250419834063853,0.3862210697029635,-0.7562072380807181
328,Zakharov Function,0.006526693202786136,1100,1100,0.05206013150223833,0.006526693202786136,0.033753049353749814,0.006878879885829053,0.004570336946243342,0.05206013150223833,-0.016729363223476817,-0.021435169620332296,0.008673352234192556,0.016218495606427467,-0.023742824486711007,0.002795175240925693
329,Zakharov Function,0.048920985813208015,1100,1100,0.15564377583350264,0.048920985813208015,0.08278840663761083,0.04014311816319863,0.06282241468801035,0.055288953871894864,-0.036893828127142377,-0.15564377583350264,0.03418565206420941,-0.03827595467839229,0.059051342550130156,-0.00023961670860823958
330,Zakharov Function,68.06531524376776,1100,1100,4.620667081032074,68.06531524376776,-2.4510081946473665,1.8906887840330135,-3.01172393247903,-0.6561279730340908,-4.620667081032074,3.5372636508651425,2.928633589548409,-2.341308106406799,0.6138737731178812,0.365806430703399
331,Zakharov Function,0.584668459579674,1100,1100,0.43569734276952665,0.584668459579674,0.13265987395172824,0.02454164330478302,-0.10862318925225559,-0.13711503156647917,0.2528037502574842,0.20269049216235535,-0.43569734276952665,0.3836477500865182,-0.19138208672004664,-0.05389978011404389
332,Zakharov Function,0.00012597388597645145,1100,1100,0.005329406148665694,0.00012597388597645145,-0.005329406148665694,-0.0014333437982094951,-0.0032633168762681523,-0.004360370525480356,-0.00527563670884707,0.0028496270351956467,-0.0022882291001698734,0.0040197675578608275,0.002877658102968037,0.000334576333614724
333,Zakharov Function,34.87132923469757,1100,1100,4.517832387547455,34.87132923469757,-0.04320858344409895,1.3868313277016169,-0.12246093924153567,-0.9628218245571853,-4.517832387547455,2.975780464285981,1.2544773800849003,0.11686814865098982,-0.3075212204174105,-0.23000314022038273
334,Zakharov Function,8.134374405964602,1100,1100,1.3598573011932913,8.134374405964602,-0.08651776224587526,0.6027151773640766,0.8694608930890722,-0.2862022970217333,-1.171744133855658,1.2026449213490538,-1.3598573011932913,0.16803780439863347,0.25550826841990937,-0.011736924583816588
335,Zakharov Function,1.327400763333235,1100,1100,0.607759754474402,1.327400763333235,-0.42793466542304887,-0.2646264514381058,0.03551166762557664,0.607759754474402,0.5402214623862852,-0.39522129892419444,0.3147656178150634,-0.05829716542355411,-0.19558148713808593,-0.12863548567734018
336,Zakharov Function,7.754920103996397,1100,1100,2.2567997385299408,7.754920103996397,-0.3216936732516159,-0.072554151502495,0.2863316876677968,-1.1327272606371188,0.6652574080994962,2.2567997385299408,-0.6097970344728175,-0.3819843754470662,-0.35523488133783143,-0.1683675180498499
337,Zakharov Function,1.661001395875236,1100,1100,0.7667536035987284,1.661001395875236,0.2520093203947933,-0.046033465566155396,-0.22515745612052096,-0.310829579551114,-0.7667536035987284,0.3582905036602504,0.5330372835427093,0.43399719160515476,0.09931765250895008,-0.4872345580685975
338,Zakharov Function,0.09635144760786835,1100,1100,0.16361455221361865,0.09635144760786835,-0.16361455221361865,0.12649282277399726,-0.010190601224939491,-0.03604105257156398,-0.16065765413884683,0.018898263243636415,-0.09661119542345563,0.03930969847426606,0.10326303279704518,0.032439067179176634
339,Zakharov Function,17.33570219236675,1100,1100,2.6529155920011878,17.33570219236675,-0.1698438433182029,-0.6186965602864356,2.6529155920011878,0.36800640448273175,1.0586570523744396,1.1850821554182795,1.294871713973919,-1.9708389122147114,-1.2413049266368326,-0.29342654455063244
340,Zakharov Function,26.800094428006258,1100,1100,4.318757768460684,26.800094428006258,0.6495917979301785,-1.1500732125840258,1.0645757234208397,0.49573137288400315,0.05576195784548654,-4.318757768460684,1.904458433262274,1.1515616536695759,-0.021258214069278525,-0.07315202635529133
341,Zakharov Function,0.015186955547385809,1100,1100,0.07951416444551343,0.015186955547385809,0.007525003553195769,-0.010493616530363514,-0.005737049088209489,0.0098622409750216,0.07951416444551343,0.06113834981546043,0.0066429545361984125,-0.02291749718945285,-0.0005590503891607645,-0.06475879389896105
342,Zakharov Function,0.00225482279089674,1100,1100,0.03918523210436546,0.00225482279089674,-0.008189571136912125,-0.0031766609332562964,0.010813416394321443,0.0011136904540852213,0.03918523210436546,-0.018123031861221474,0.0014498022499698196,-0.0002666545447726626,-0.0005355864544243187,-0.0091887009349448
343,Zakharov Function,12.389941426311783,1100,1100,2.1801275016557558,12.389941426311783,0.5743506933673534,-1.2366460598699491,0.26298336392429544,0.9254511723548431,-2.1801275016557558,1.9952490094932165,0.6243900341201636,-0.5518750921553129,-0.32353117849660895,-0.1176457074485632
344,Zakharov Function,3.2151340605204974,1100,1100,0.9023009172470808,3.2151340605204974,0.6395955613373618,-0.5058946045724703,-0.38426666342295157,-0.5930459505778454,0.341127194971483,0.9023009172470808,0.8237493210963502,-0.39137282989195255,-0.047073202154484406,-0.5139212287308377
345,Zakharov Function,7.855021702705736,1100,1100,1.15049582994134,7.855021702705736,-0.09102221409792477,-0.7933876329355354,0.5567959503208817,1.15049582994134,-0.6890117401286744,-0.6703862253812484,1.1354940784141783,-0.5885982440820059,-0.8767510081779969,0.9291663221667663
346,Zakharov Function,0.6611092961967918,1100,1100,0.461200140162369,0.6611092961967918,0.08653782779128952,0.08791325136372774,0.0015971119892569802,0.461200140162369,-0.25342992073971965,0.3068082221806531,-0.3215960896705998,-0.07474182986163197,-0.2935425753065467,0.25764728218129795
347,Zakharov Function,0.04782532311540232,1100,1100,0.11609821923437318,0.04782532311540232,-0.0980815820051247,0.010289753251896155,-0.05190214732423204,-0.004645558418196576,0.11609821923437318,-0.020150004508129815,0.009008139029255402,-0.047658996005148196,-0.08132409360224019,0.06625792802538588
348,Zakharov Function,5.552420024976737,1100,1100,1.8036686293892101,5.552420024976737,-0.7879595736095819,1.8036686293892101,-1.0925934845821148,-0.1784815768242604,-0.08174805737424146,0.16903326271303803,-0.3455963107382929,0.33112465686354736,0.30324079672532034,-0.19168051785323273
349,Zakharov Function,39.40363289037982,1100,1100,4.796419986046594,39.40363289037982,-0.09351534011206811,-0.8594934964460232,0.9661033247011119,-4.796419986046594,1.7829332593511567,-2.0976343325288527,-1.2094508189154332,0.40130107352660893,2.0630675045588305,0.7035688165826042
350,Zakharov Function,1.7266435203275023,1100,1100,0.9176799237582318,1.7266435203275023,-0.0917631839087098,0.01921986907019102,-0.13579920701372736,0.29375760685437236,0.9176799237582318,-0.6864383905227383,0.015063778179440449,-0.25523771579129567,0.3934049835026051,-0.25468985791524357
351,Zakharov Function,0.7051562358514435,1100,1100,0.4217653900758105,0.7051562358514435,0.02956562373514371,0.04569966512832535,0.08541527756320513,0.39234963090188135,-0.4217653900758105,0.24628224255931963,-0.22615689418977436,-0.18048657118004696,0.4192444680112373,-0.18944458249007767
352,Zakharov Function,4.709618451764516,1100,1100,1.4586680107815413,4.709618451764516,0.9323815646254496,0.1130178283920395,-0.7372105552942212,0.46716635987033184,-0.7438254968075424,0.02180693377921903,-0.21485505529390148,1.4586680107815413,-0.3848719436767,-0.34013931585850987
353,Zakharov Function,0.0008627621538440393,1100,1100,0.015991918962406572,0.0008627621538440393,-0.005713967754471312,-0.009579630831487534,0.004894814089265127,0.015991918962406572,-0.007733110002738388,0.015941852716321644,-3.283176182124854e-05,-0.008682530540011144,-0.00220494693313468,-0.0005208068222296797
354,Zakharov Function,1.6100041981122961,1100,1100,0.5672942810952103,1.6100041981122961,0.06931386043117083,0.5135607681694169,0.011510825706637196,-0.5672942810952103,-0.1520108124163646,-0.45478136220264787,-0.3804617279412966,0.11847810502187789,0.305429039291095,0.46099096912639537
355,Zakharov Function,0.1064954634292367,1100,1100,0.175559271867822,0.1064954634292367,-0.0015712790463353957,-0.11307012929509896,-0.01298671842583185,-0.027403470652954537,0.175559271867822,-0.059894684803325854,-0.0892873023956792,-0.16416776848483586,0.0701811406113434,0.09755299397763428
356,Zakharov Function,0.04811937846813296,1100,1100,0.1251346633670716,0.04811937846813296,0.02151599541699761,0.004028595234380634,-0.1251346633670716,-0.07107544561315701,0.10855217778974639,0.08633770554674862,-0.015354664073866459,0.030858987972874483,0.010210003402120754,-0.05450118590871718
357,Zakharov Function,5.834577238642303,1100,1100,1.2016062393940095,5.834577238642303,0.1128686036554366,0.5534607865149619,-0.756981779555301,-0.33256486235228855,-0.1511317035491977,0.6937826834963688,1.043790906185528,-1.2016062393940095,1.0450531439813058,-0.738098453908671
358,Zakharov Function,15.105359769572104,1100,1100,2.5919754490788725,15.105359769572104,-0.400136836443968,-0.45414209348852796,0.8678997162686494,-1.5197724257429328,0.5335055203180843,1.6098456827667067,-0.22606850390574312,0.8618895740039608,-2.5919754490788725,0.9351098668862408
359,Zakharov Function,0.01401332186205384,1100,1100,0.04872337957912931,0.01401332186205384,-0.02310729717874552,-0.0266096745107815,-0.04580351794674041,0.02689632447191529,0.002689667287043302,0.003128567550124868,0.006987549215622735,-0.04872337957912931,0.016258776013452873,0.041654039639378304
360,Zakharov Function,0.02896349522449643,1100,1100,0.11487716953328464,0.02896349522449643,0.006764718828322948,-0.0217190457135049,-0.03158295304054227,0.04444166992348807,0.11487716953328464,-0.08937467096657221,-0.055978771896858,-0.013422705060057577,0.02298949488847217,0.021080321213175088
361,Zakharov Function,0.22079229803925646,1100,1100,0.3531819344099146,0.22079229803925646,-0.16753437826364392,-0.3531819344099146,-0.10402531921998429,0.04504579113040564,0.05628352555347582,-0.09836951381405959,-0.06359968000778386,-0.0687940286943656,0.06845230404746312,0.16978078662686483
362,Zakharov Function,1.2552287609068014,1100,1100,0.6362857587914906,1.2552287609068014,-0.3319003974452628,-0.03327036154162212,-0.20789485363333038,-0.07625148415058183,0.6362857587914906,-0.5600749888405551,0.38093830253534916,-0.022200356864669757,-0.3400641891089966,0.2521185313075629
363,Zakharov Function,7.666306243403628,1100,1100,1.7571252694010437,7.666306243403628,0.5772632090822005,0.1870048895556639,-1.7571252694010437,-1.054820056746922,1.321660597261872,0.21102030840040098,0.3200876380947627,-0.09209992061467576,-0.7751912827192566,0.6819656835937772
364,Zakharov Function,13.157831302059243,1100,1100,2.1331908510820043,13.157831302059243,0.18697489982466342,-0.7339242967177559,-0.9796042477737377,-1.583411405467829,1.5481114616130562,2.1331908510820043,-0.4287526385845255,0.83354117506792,-0.3001676216359668,-1.096136730637291
365,Zakharov Function,5.8160044630912475,1100,1100,1.2180093194587716,5.8160044630912475,0.9434076390141559,-1.1409432184445238,0.08753684400301559,-0.222033826716373,0.26029877845966726,1.2180093194587716,-1.1361601643392607,0.5379599432467683,-0.35294972488764415,-0.08089210045233707
366,Zakharov Function,2.1230197835568267,1100,1100,0.6818357356274511,2.1230197835568267,-0.4190104909269534,0.26673595928691884,0.6818357356274511,-0.3793313558049639,-0.5960316164989136,0.21293947169756777,-0.27870895134569973,0.11631447638962936,0.5282732771479406,-0.3731236044802124
367,Zakharov Function,0.12236097703501594,1100,1100,0.1573517798294511,0.12236097703501594,0.14113599198107277,-0.1573517798294511,0.011215756974433097,0.09033076655623946,-0.07229687194556562,-0.13807697665487237,0.04788221993058574,-0.11665012149438755,-0.0026111434477104206,0.13931392179082236
368,Zakharov Function,2.179554687019508,1100,1100,0.851325738516902,2.179554687019508,-0.014928648616326028,0.031029343901064016,0.23572765846560595,0.44686611150723454,-0.851325738516902,-0.7039416852714675,0.7356557625546345,0.26515756621232295,-0.2761602575204942,0.12022868935181588
369,Zakharov Function,5.3241536649319725,1100,1100,1.358921492647252,5.3241536649319725,-0.6807233330487334,-0.5241488833616108,0.20914387273357696,-1.164667585976669,-0.255173138758879,-0.9655339613599002,1.358921492647252,0.04582313403814631,0.2568477461764932,-0.03059011631394265
370,Zakharov Function,1.370574312930792,1100,1100,0.6110544122935577,1.370574312930792,0.1240565194615173,0.16990377957217234,0.08965202656918742,0.24755333691548959,-0.4176503338197638,-0.07624991954169885,-0.390633928617903,0.5806697868695148,-0.6110544122935577,0.3941401686293782
371,Zakharov Function,315.1687412678167,1100,1100,12.091234243530476,315.1687412678167,5.709582117605519,-4.5029431176348815,-8.082561892819385,-5.056587041368588,0.9921317209183431,12.091234243530476,1.354290150961555,-2.696710201993537,-3.1989392966456514,0.8622066368388779
372,Zakharov Function,0.08999271064898319,1100,1100,0.2011153957168299,0.08999271064898319,-0.0002818801179310451,-0.09858673420902297,0.049760984774477976,-0.09288451404170586,0.04626755434125042,-0.2011153957168299,0.011620878107281093,0.1508284630734762,0.004940446439346588,-0.005780972080741267
373,Zakharov Function,0.27541245221917027,1100,1100,0.3159974451456553,0.27541245221917027,0.2740640979129758,0.06520711616109681,-0.06387189361798522,0.054514138624591146,-0.3159974451456553,-0.21330389696292001,0.19010128939255588,0.05920000216187038,0.012329252786031225,0.042290835575217095
374,Zakharov Function,0.9998441772035197,1100,1100,0.4622003639419817,0.9998441772035197,-0.028750860646076085,-0.035936615743860645,-0.4622003639419817,-0.10883348236894017,-0.3478993433762049,-0.41749103407799903,0.4354858547788391,-0.005641833363541349,-0.0840846712435343,0.4467959522707685
375,Zakharov Function,43.26730019145152,1100,1100,4.732452681336943,43.26730019145152,1.4464676245643642,-0.2380073139939063,3.04873716413943,-0.14822998252675185,0.801382349822894,-1.7706923326621293,-4.732452681336943,0.6322668433344365,2.2271043166366327,0.4688631633405631
376,Zakharov Function,208.42196497989426,1100,1100,10.453150210313574,208.42196497989426,0.12124002064060047,1.116821213797685,7.2002219280270765,-3.6323244405245725,4.824378980096434,-10.453150210313574,-0.4402257012255454,2.410390916995067,-0.5067144060891198,1.6141310120088215
377,Zakharov Function,7.813281325126604,1100,1100,1.4813832667878364,7.813281325126604,1.2753462760961087,-0.7328025137132572,-0.6736458122861426,0.6809502422301907,-0.685222875838341,1.0927825049363529,-1.4813832667878364,0.675020145011999,-0.10139203307810091,0.322740549613334
378,Zakharov Function,182.53873862152696,1100,1100,11.222440731840866,182.53873862152696,0.9514095178984409,-3.66088886437804,2.1857203964704315,-4.506566221654236,0.7510254580817463,-0.6139074024344535,11.222440731840866,-1.9128572164425068,-2.6760867851283487,-1.9537636183711804
379,Zakharov Function,278.6913957102947,1100,1100,10.796039330362007,278.6913957102947,-0.7232944192957342,-0.24806930784756032,-1.2144865226269244,4.15605881920931,10.796039330362007,-8.047808098478859,-7.966960637459417,1.7684726445166867,2.874702551332108,-0.3992242223492437
380,Zakharov Function,1.1811268948710656,1100,1100,0.6731794471516537,1.1811268948710656,-0.2080075674327161,0.33616473119562923,-0.46997446483733446,-0.27213316272887383,0.6731794471516537,-0.23892256309276633,-0.09403470861488974,0.2690659626378427,0.19817364673558174,-0.29654189839090067
381,Zakharov Function,29.453338722011143,1100,1100,4.2523533920703285,29.453338722011143,-0.39823170240175576,1.5181194888629364,-0.32808522710716836,1.3402839690414223,-4.2523533920703285,0.9339037291895027,-0.30739976130144153,2.0597409469702996,0.6494469216816774,-1.1688028580443455
382,Zakharov Function,29.94961815757438,1100,1100,3.6220167878369036,29.94961815757438,0.8068805647243056,-1.5775759666347269,1.506890627288483,-1.8941193936616347,1.1458505027476993,-3.6220167878369036,0.5992351993160998,1.6158452436930841,-0.8355084966009543,0.9845360026288257
383,Zakharov Function,27.78580842502609,1100,1100,3.2889066650243866,27.78580842502609,0.07950817106630442,1.9797138956268032,3.2889066650243866,-1.8775921209954012,-1.7047213266675332,0.4831976059975871,1.6241432987924513,0.7605009462999068,-1.041128548663011,-0.700371432594753
384,Zakharov Function,4.576675162003481,1100,1100,1.2932181538726026,4.576675162003481,-0.17229027460333302,-0.4406904482684195,0.533427451220136,-1.2932181538726026,0.8632828832509735,0.2997258074417113,-0.6264415869141065,0.38322937714486716,-0.5906957572692471,0.6126262341776166
385,Zakharov Function,7.478076449594154,1100,1100,2.1498928410906144,7.478076449594154,0.0374605463458643,0.04421177365428681,-0.7870693559069565,0.6089562132978141,-1.1887657622338434,2.1498928410906144,-0.5198935078839267,-0.20956282288587497,0.09495720125491355,-0.21499005270719898
386,Zakharov Function,21.687808552973852,1100,1100,3.2111899997645015,21.687808552973852,-0.04070320872861932,1.075294166825477,3.2111899997645015,-0.45719197838586145,1.8998290942928,-2.2091162857017057,-0.4861571227422574,-0.25244835534100507,-0.7990670556065043,0.7024403496709362
387,Zakharov Function,2.800848962078857,1100,1100,1.0552076490794307,2.800848962078857,0.09776282068958952,0.32695661083840244,0.03804221420684402,1.0552076490794307,-0.7059767202035145,0.49510176031957964,-0.651034921078955,-0.1708762296647496,-0.35516513609889605,0.48266953396539053
388,Zakharov Function,0.3951706348405906,1100,1100,0.3608340663781332,0.3951706348405906,-0.05176159102225866,-0.14300440466312137,0.1908080210489615,-0.31668930794181815,0.3608340663781332,0.14507423088311305,-0.25811429575939693,0.09271817157302653,0.01781884516592789,-0.08224274600085157
389,Zakharov Function,0.0035261732886250926,1100,1100,0.03563642268635994,0.0035261732886250926,-0.003471953177685193,0.024476099192827762,-0.03563642268635994,0.01560099140491416,0.007582573904428645,0.0204096301127944,0.0049456220877940535,0.013189246578399177,-0.02171389392601409,-0.007799173232314453
390,Zakharov Function,3.666919675146303,1100,1100,1.1058855520939892,3.666919675146303,0.030895685004222465,-0.10432506170297967,0.24766875419147635,0.6560576545381771,-1.0860475455134724,0.7246794953721714,-1.1058855520939892,-0.06992766350639558,0.4160817564154934,0.2346064724905793
391,Zakharov Function,80.65957139775004,1100,1100,5.377862394278861,80.65957139775004,2.7083375313622926,2.459917256915732,-3.4080130406837323,1.6852562348509212,5.377862394278861,-1.8278462919200917,-0.9529454731011637,-1.2067875672567474,0.739777748217523,-1.4135195242049692
392,Zakharov Function,26.00029552364256,1100,1100,3.304978048626912,26.00029552364256,-0.32686182572167466,-0.8763248473657171,0.024550353336045272,-0.2172285086308995,3.1569808931655907,-3.304978048626912,1.3113349515667245,1.269936741619787,-0.6315620637190201,-0.6222983222552348
393,Zakharov Function,152.21922731046655,1100,1100,8.020712893440122,152.21922731046655,-0.7576481567403214,-3.200451619626302,-0.4231997410687297,4.604101256725502,-8.020712893440122,6.71729960475602,0.3324048793383978,-1.8291461499963813,-1.750866921447298,1.901814289535486
394,Zakharov Function,2.756513782327228,1100,1100,1.1633033070770948,2.756513782327228,-0.3278939793596535,0.20251934373664612,0.15515033033664216,0.0006718055583161409,-0.010347295517561417,-0.6006479097914378,1.1633033070770948,0.501007738098522,-0.49845977099156036,-0.5168696701248339
395,Zakharov Function,0.01055368269522747,1100,1100,0.056122335875440965,0.01055368269522747,0.02791284181389754,-0.004030316972303626,0.017140495412286648,0.02301598684119674,-0.011175920162036506,0.056122335875440965,-0.01671933882547827,-0.008338155013921305,0.01968428102490185,-0.05295797817725676
396,Zakharov Function,1.432917700495208,1100,1100,0.6600699017729916,1.432917700495208,-0.008051467908305202,-0.35462673057133687,-0.6357560789736398,-0.34162020126971837,0.20810095807419893,0.6600699017729916,0.0826613495049805,-0.48897843411447817,0.22173125224243045,0.052070995917642804
397,Zakharov Function,0.1350533496811408,1100,1100,0.20174855363061928,0.1350533496811408,0.09562944460699058,-0.12621510006492365,-0.14984342632209402,0.20174855363061928,0.02263280730855663,-0.1533162608782047,0.06910548268946537,0.02402872863086372,0.07959975461654825,-0.08969463091610119
398,Zakharov Function,0.0813626663174093,1100,1100,0.15994499906314852,0.0813626663174093,-0.03296301518626014,-0.019920673287943363,-0.004528002755644172,-0.06916174611724689,0.016177835015068642,-0.06055343252819356,0.15994499906314852,0.04251581740311423,-0.14662419480570274,0.07600472901250926
399,Zakharov Function,5.687202611417755,1100,1100,1.5485788983344053,5.687202611417755,-0.18946259777143934,0.17150359108624091,0.14446388738696317,0.8220106598905934,-1.1771896639010566,-0.22438998286817127,0.3295730786355915,-1.5485788983344053,0.709238549182114,0.6833008957529497
400,Zakharov Function,33.643681939405226,1500,1500,3.1766274965971415,33.643681939405226,-0.22119944598788538,-2.1078503208307184,-2.3193433099460083,0.2788248011132123,-1.473517213129837,3.1766274965971415,1.70197976965038,-2.427214668418623,-0.32273264622591835,0.6978361763744829
401,Zakharov Function,1.9461841225025012,1500,1500,0.6669580119884209,1.9461841225025012,0.4687302748337654,-0.3662119850402752,0.00537356111454999,-0.2825130203372579,-0.16045551111403195,-0.6669580119884209,0.6240884767929119,0.6489343904876644,-0.39745672082676237,-0.03218865256441414
402,Zakharov Function,9.953283382837695,1500,1500,1.8594886222551832,9.953283382837695,0.7537873517543664,-1.6123602169854792,-0.28405927324600255,-1.8594886222551832,0.396511395586871,1.1088955143766928,1.0390558241804073,0.12047949540996483,-0.16662240490044256,-0.32886890393431933
403,Zakharov Function,161.5453364562745,1500,1500,9.662293290446804,161.5453364562745,-0.179299424550178,-1.5321811478603489,-1.2889533599023206,-3.523207362503185,0.015995420647458236,-6.170147209775954,-1.2654853212359949,-3.3140747227626064,9.662293290446804,0.5095070564864039
404,Zakharov Function,5.716714552341162,1500,1500,1.5411087520466373,5.716714552341162,-0.08775124112391998,-0.12532108660036928,-0.5072735900037002,-0.3262865596210772,0.981301644984345,0.4000858470748449,-1.5411087520466373,0.5582759308344575,-0.6818921714798295,0.9168569839164125
405,Zakharov Function,5.77285137066885,1500,1500,1.1293367736119744,5.77285137066885,0.36571122221101626,-0.6160924734359926,-0.1912932908957254,1.1293367736119744,-0.587593714257836,-0.4863652418626827,0.39388381144181084,-0.4315447942063311,0.8937638641256911,-0.25171053162742174
406,Zakharov Function,0.0014935367630371198,1500,1500,0.014699932095758216,0.0014935367630371198,0.01053682348004662,-0.007259527824232375,0.014699932095758216,0.00029456323461535543,-0.006614445706398228,0.00644637296411432,0.0003185579128710957,0.0014552686050668673,0.009590453370152432,-0.008861117319361147
407,Zakharov Function,1.0650786690784475,1500,1500,0.5124849184469236,1.0650786690784475,0.03688140142808444,-0.27555656243899107,-0.4403160063252296,0.08095364289536142,0.2937992389633206,-0.3167629006344083,0.0720108920231514,-0.5124849184469236,0.4764053187367899,0.17782227883714397
408,Zakharov Function,0.00018629357987051025,1500,1500,0.00803381667389688,0.00018629357987051025,-0.001497153845579271,0.006722078139574889,-0.004100913406015497,0.00803381667389688,0.0008998724093769125,0.004120808323679835,-3.3147613785650424e-06,0.001600210542114127,-0.002057093745880874,-0.004944664478823933
409,Zakharov Function,0.1125675468694055,1500,1500,0.24079665351102086,0.1125675468694055,-0.017265400841970424,0.06771044271961943,0.05767977044341792,0.026264207073643103,0.11056901814343739,-0.24079665351102086,-0.04937215370155288,0.05732011559606086,0.07412254226796111,0.0010698289943986382
410,Zakharov Function,52.53652008647502,1500,1500,4.234326769104295,52.53652008647502,0.1891949225206005,-0.6717141488859868,1.1525714848867745,-3.9310886007714974,2.4033318710790144,-0.006710904515591004,1.7305076166966016,0.7017287597798638,2.778400371197587,-4.234326769104295
411,Zakharov Function,3.7130206724227124,1500,1500,1.376650164258102,3.7130206724227124,0.3642670234002815,0.09163430649539095,0.08227532675702673,-0.1827617373903237,0.043693687522240926,0.9535476932742836,-0.36802856328510136,0.43517314361426074,-1.376650164258102,0.46912815232928706
412,Zakharov Function,0.002214425321929767,1500,1500,0.020792047616598138,0.002214425321929767,-0.020792047616598138,-0.00017174588068536473,-0.009819766566702599,-0.008786352164635731,-0.007244462015530768,0.009596336850953922,-0.011338871779959327,0.011381359387578192,-0.018699202936443886,0.017395814231363046
413,Zakharov Function,69.86114785136334,1500,1500,4.745201909639874,69.86114785136334,0.7340718283835048,-0.46195239165554625,-0.6604228532263687,3.891571116880306,0.41648339475332785,-2.040664322553489,-4.324730184708695,4.745201909639874,-2.461830605928296,0.9677419925710007
414,Zakharov Function,0.0005357436043168124,1500,1500,0.01127516942214935,0.0005357436043168124,0.009315068624935849,-0.004192602257445235,0.008041059964422281,-0.0007788360317074021,-0.0015012159813910866,0.009099481826608741,-0.006756030246067135,0.007124357579471725,-0.01127516942214935,0.0007651366416756402
415,Zakharov Function,4.536289568344968,1500,1500,1.1875770178090386,4.536289568344968,-0.41652581784847065,0.6578525376024318,-1.063496605086252,0.7054419208957352,0.41148954951398453,-0.44264671419087287,1.1875770178090386,-0.14915758458061812,-0.02359174939885532,-0.6178292084768421
416,Zakharov Function,11.372804257721295,1500,1500,1.7231981148884064,11.372804257721295,-0.20342805804063196,-0.13060731334163034,1.6902345064887716,-1.7231981148884064,0.8578476284477488,-0.7220372656394689,-1.0853530555287492,0.7097351955946987,0.6590875537583845,-0.3675654665525067
417,Zakharov Function,21.814288299690322,1500,1500,2.9551820146559935,21.814288299690322,0.5460489594983806,0.4776957124615362,1.5251540365276859,1.2320468678434315,-2.9551820146559935,0.2360070646735033,-2.5719689401354224,0.5419276527699755,0.3921546004589854,1.158161718386635
418,Zakharov Function,0.0009127383513139827,1500,1500,0.016802734498517578,0.0009127383513139827,0.0027838744843308623,0.010061654794509885,0.009184171065009617,-0.016802734498517578,0.005383793226166634,-0.010806719268560342,-2.168563792348706e-05,0.009519861006547113,-0.0036732670475349716,0.0038008209299568423
419,Zakharov Function,0.018986454515284586,1500,1500,0.06706134422976677,0.018986454515284586,0.0186472339388001,0.04615611479116197,0.06706134422976677,-0.04467304449790434,-0.06445012051666749,0.00020282683660179102,0.021627135711806425,-0.054536459796355304,0.0405596170005304,0.00528182395106086
420,Zakharov Function,7.199060759366681,1500,1500,1.9268652442523664,7.199060759366681,0.063409928828903,0.3677927583879017,0.34964156449659745,1.9268652442523664,-0.05720686884097592,-0.16450963667082324,-0.633382405167739,-1.3545612299455385,0.8718495479277728,-0.1631615691700341
421,Zakharov Function,0.09455094330356685,1500,1500,0.13896484058900777,0.09455094330356685,0.03141112945978089,0.0570680170110375,0.11659823810034989,-0.08855624243720456,0.09353627405296527,-0.03244964796365821,-0.13896484058900777,-0.037703012728416474,-0.01601910319833559,0.1293633404484995
422,Zakharov Function,0.013494268172807094,1500,1500,0.05480896211721639,0.013494268172807094,-0.05480896211721639,-0.0333237572832918,0.018037915143207073,0.006481447542544844,-0.04454875449895078,0.030530253902525582,-0.02643246784108559,0.039506650952226496,-0.04217916693650631,0.02545377224072331
423,Zakharov Function,0.11858468936635673,1500,1500,0.1928933052245293,0.11858468936635673,-0.044286226595887296,0.11681439492963241,-0.016817974321241574,0.1858883264271606,0.10041273660066957,0.00471637162464475,-0.1928933052245293,0.07555974647285385,-0.11179023504069543,0.02497867630304656
424,Zakharov Function,0.0001011061682432617,1500,1500,0.005549524891379756,0.0001011061682432617,-0.0033771245916688394,-0.0006276469920732824,-0.0020479431868474767,0.0029081544006948797,0.004326863118968697,-0.0007097028050729138,-0.005549524891379756,-0.0003882748863733693,-0.001893131294732077,0.0034030199679413293
425,Zakharov Function,5.922082547097213,1500,1500,1.4253859676028222,5.922082547097213,0.6183514563687119,0.21719799546736407,-0.41176628798205706,-0.5527910979283848,0.47065823056254635,1.4253859676028222,-0.9196309932304023,0.022352926788727467,0.5626859032385143,-0.559677109743137
426,Zakharov Function,10.989029287262639,1500,1500,1.6062665695912774,10.989029287262639,-0.16233258974388487,0.9479377869555936,0.36278560443397123,-1.6062665695912774,-0.9396749368335442,-0.8168787715792192,1.567531787203869,-1.0555176748070936,-0.2599382185784791,1.154473154283017
427,Zakharov Function,45.25513732131979,1500,1500,3.4807817856728516,45.25513732131979,2.3820803309455925,-2.5313420972278755,2.06154612219445,0.49944065850831554,-0.8198657299395776,-2.1004075567808824,1.2691143845897765,0.2694427820243419,-3.4807817856728516,3.127121667658458
428,Zakharov Function,0.0035698055727471432,1500,1500,0.021915848782319936,0.0035698055727471432,0.006023048868229151,0.0028782221415012722,-0.02187691539665787,0.014480643689258766,-0.00915272509871009,0.006090901119188849,-0.0015755303833172168,0.0059694698974151195,-0.0182753603898011,0.021915848782319936
429,Zakharov Function,76.91396507851846,1500,1500,5.179954931744604,76.91396507851846,-0.8531874484425359,2.0193146320439253,-4.586265842666852,1.9049373149403444,-0.9592498031179382,0.7106218788348169,-3.392121230378436,5.179954931744604,-2.6085756709373715,0.9357251122576706
430,Zakharov Function,0.006986599680981829,1500,1500,0.04894205193406061,0.006986599680981829,0.002014559178231571,0.04354559540054108,-0.017778445689218957,0.005779649887236815,-0.0035989253540991764,-0.0033524812900992823,-0.006701492979170508,0.005753423557718872,-0.04894205193406061,0.03589357597633232
431,Zakharov Function,0.00020634744038080721,1500,1500,0.006294333531877536,0.00020634744038080721,-0.00026099754323842983,0.006294333531877536,0.002196538837874055,-0.002022279448520509,-0.0033187631819499627,-0.002381240264941682,0.0002768635515816786,-0.0031507658972229425,-0.0021009377894391132,0.004129348510238956
432,Zakharov Function,0.025472676021150133,1500,1500,0.0912007092351169,0.025472676021150133,-0.022067678395554735,-9.18590209096834e-05,0.01862853675080404,-0.010653975216110615,-0.0415705269139816,0.0912007092351169,0.08015437565173522,-0.0688850606745342,-0.007736836539091629,-0.01615627516921806
433,Zakharov Function,0.8942733681192099,1500,1500,0.617190701536577,0.8942733681192099,-0.14528305020005494,0.00637080451879854,0.617190701536577,0.2837048283636029,-0.17352280146669025,-0.462497570001444,0.3296173765686614,-0.04455206387158127,-0.17364388907887723,0.007709851059772982
434,Zakharov Function,10.774610204608816,1500,1500,1.7743089656526738,10.774610204608816,0.7153087121963924,1.2929198350708715,0.3030979011672503,-0.46023790872090853,-1.31584412534146,1.0013768293945287,-1.0544765101883518,-1.055490669728647,1.7743089656526738,-0.2581373475820874
435,Zakharov Function,8.994141376562233,1500,1500,1.2770921527194323,8.994141376562233,-0.2773722018627555,0.6663325199553914,-0.6587563232958804,1.2770921527194323,-1.174437105530659,-0.8385624833663718,-0.8370612599427845,-0.311963321923054,0.28960244685803194,1.034869568521097
436,Zakharov Function,118.28316927247126,1500,1500,6.359422630989157,118.28316927247126,2.373484890761745,5.217023468664499,-6.359422630989157,-3.950158485147698,2.468805459162634,3.3406664240103443,2.07361781891488,0.9143071716076507,-1.3855481348618308,-2.10214596935068
437,Zakharov Function,0.007431009807782982,1500,1500,0.06196095667609969,0.007431009807782982,0.06196095667609969,0.0149342382036518,-0.003913783391768162,-0.024773433854086063,-0.0001862742937459392,0.01087128488929005,0.02392094747813231,-0.016038474382659346,-0.021168470743050873,0.00331135120641567
438,Zakharov Function,0.007612095309743746,1500,1500,0.048230943315491714,0.007612095309743746,-0.04139141045303571,-0.048230943315491714,-0.017379055344206022,-0.011074973949843435,-0.02594600529238659,0.01223441765414729,0.0007232316891511992,-0.00864549674683602,-0.008547637781242515,0.037657899201435974
439,Zakharov Function,1.0757179453946935,1500,1500,0.5556445558438532,1.0757179453946935,-0.3381114718584467,0.0043521492052820965,0.5556445558438532,-0.17369582234353406,0.2485424462488334,-0.4461366234879686,-0.1833367406344535,0.21018952320288276,-0.37938354070651625,0.37059497900330873
440,Zakharov Function,119.2812828003755,1500,1500,7.265705238460568,119.2812828003755,-1.3149509305618667,-0.6088470286906063,0.6252003171781899,-6.762139904164655,7.265705238460568,2.6949802118958583,0.4607118964467044,1.4762596126763983,-2.05570236993073,-2.071159235245139
441,Zakharov Function,0.005731805487142821,1500,1500,0.03895240828856448,0.005731805487142821,-0.0011902282090288632,-0.028939492087778827,0.028251975656109183,-0.027165566228843575,0.03895240828856448,-0.023778259643019134,-0.024609391526343033,0.023868790487678718,-0.006819396248617554,0.006995085491272843
442,Zakharov Function,5.072318385712295e-05,1500,1500,0.003812479118201947,5.072318385712295e-05,0.00029056224918920493,0.0020741844033492435,0.003499438756036085,-0.003812479118201947,-0.0013118066474430525,0.0001929685193370718,-0.0013869537804262755,-0.002774593210810458,0.0019460352444833752,0.0017942664762305113
443,Zakharov Function,0.38344905947316876,1500,1500,0.3994688354427165,0.38344905947316876,0.2385308587615682,0.0034842548578315966,0.0756644014232334,-0.10974998588885035,0.13016210245099585,-0.14549713758342858,0.17728799612568485,-0.3994688354427165,0.27980190925747767,-0.0353607485327585
444,Zakharov Function,0.9362790262191304,1500,1500,0.5315599831083819,0.9362790262191304,0.12384088319642272,0.02464662105078358,0.37820477609381364,-0.5315599831083819,-0.2362262464552464,0.2334470487869389,-0.44836857765845234,-0.03404439246822048,0.4131904930127186,0.04820841049259461
445,Zakharov Function,44.96644789572937,1500,1500,4.51672044231909,44.96644789572937,0.10373159813818582,0.28335284275040584,-2.835928861180566,-0.3546968393349766,2.991730308710088,-4.51672044231909,2.116226097291541,-0.9865464941976401,1.1842276284658029,0.4765839309327788
446,Zakharov Function,64.21416542893704,1500,1500,5.115312134651846,64.21416542893704,-0.5230742997701665,-0.18976272389615745,-0.6060092345586855,-1.2835347381216047,4.6612405517669275,-5.115312134651846,3.5396308243234804,0.21521773410197936,-1.1131492535755605,-0.04514492723052463
447,Zakharov Function,10.314764065390431,1500,1500,2.2158748753746216,10.314764065390431,0.23858638987962433,1.469044291475913,-1.0566892127860172,2.2158748753746216,-0.6706093542563624,-0.46110926035057287,-1.052588304394665,0.5382826004534841,0.0848967913469687,-0.05567750278761574
448,Zakharov Function,0.08504209884844659,1500,1500,0.15844785683621193,0.08504209884844659,-0.013203286088519367,0.07106446261741936,0.05503415226459368,0.08276729852808765,-0.07412861475890128,-0.15844785683621193,0.15356552556826497,-0.018357015500838833,-0.058813159871317994,0.049187694139347676
449,Zakharov Function,16.459674616890066,1500,1500,2.1178504696655254,16.459674616890066,0.7406403096340608,-1.3483931504380493,0.7867184881647259,1.4875228473745943,-0.3565972023126269,1.6611731340790237,0.0883004192406035,-1.3025138969104608,-2.1178504696655254,1.467461211378797
450,Zakharov Function,1.017970094317762,1500,1500,0.6298550238950207,1.017970094317762,-0.09423838414161248,0.0772498483412894,-0.24518137582806857,0.04972998469782475,-0.13010489519757087,0.09651078131510205,-0.5591348880290228,0.6298550238950207,-0.36381335421970906,0.24949439404093438
451,Zakharov Function,0.29612809753877073,1500,1500,0.2535126799879957,0.29612809753877073,0.22496261494145875,0.0026882041103598597,0.09398630933309664,-0.18941428216050799,0.2535126799879957,-0.06902922390560269,-0.18332470595349062,0.12097809539461957,-0.13318948676227155,0.04145304489183385
452,Zakharov Function,8.24117883710646,1500,1500,1.3186772112847198,8.24117883710646,0.29845884779473786,-1.2661186114465197,0.8465264712521527,-1.3186772112847198,-0.7404377659236361,0.9136195923354361,-0.22373530551730791,-0.9692503634979169,1.1278279087102108,0.12149887413199606
453,Zakharov Function,0.011064710492700343,1500,1500,0.06822762528830556,0.011064710492700343,-0.06822762528830556,-0.004851864657220872,0.021790250669725345,-0.058624105714250294,0.0051802250378862914,-0.02089384478764833,-0.0024543492563518805,0.04246666518134726,0.006681652389058726,-0.005835186111094029
454,Zakharov Function,0.00030658596143013733,1500,1500,0.008324497182872124,0.00030658596143013733,-0.0018289477935599678,-0.0014110894093598012,-0.007549005344362195,-0.005386815379130959,-0.008324497182872124,0.005560522221851939,0.0036865187508510256,0.007065942394714732,0.000841132780840108,-0.0019063091257528614
455,Zakharov Function,4.351911326159372,1500,1500,1.3169359863200023,4.351911326159372,0.10438172146729899,-0.08875529359009489,0.7741943021606306,-0.8287178079539157,0.04972784706521316,0.4391923322257474,1.3169359863200023,-0.8769569934916155,0.18607987024160588,-0.5408082101428744
456,Zakharov Function,0.21996777584421978,1500,1500,0.3013267106124253,0.21996777584421978,0.014383114755233378,-0.015833313338526098,0.1666585781145783,-0.044905097870877694,-0.11041289720727931,-0.3013267106124253,-0.01981659436299639,0.28736570472280515,0.013622799475911343,-0.03259397461401546
457,Zakharov Function,144.08799256096412,1500,1500,6.675175618946433,144.08799256096412,0.5412916506060839,-0.6165834194157582,1.9813144232755855,-3.590435908968278,4.9700228847866015,5.444702055997791,4.768834155431377,-6.675175618946433,-0.849660039515364,-1.9689764012114708
458,Zakharov Function,194.55691771969398,1500,1500,11.312684576548007,194.55691771969398,-0.5871343161291371,0.21056763355411331,-2.0195846478597015,-2.7558521321204044,-1.491365685695127,2.524098213143458,-5.911092411633735,11.312684576548007,-2.2497657646630302,-2.1113778482047585
459,Zakharov Function,0.015844485792167098,1500,1500,0.08020278325665714,0.015844485792167098,-0.006305424358702884,0.06027105899662703,0.009003445181732322,0.031164045787223427,0.04495407070695898,-0.01954144273248493,-0.006362826738041005,-0.08020278325665714,-0.0023714471308335996,0.025435443841939992
460,Zakharov Function,13.756863587187704,1500,1500,1.5651114739126701,13.756863587187704,-1.5500696839646653,1.443657816451478,-1.4271193831658118,1.5651114739126701,1.392782138007322,-0.5732563701150151,-1.0618391948647634,0.969691199273955,-0.0397845564524526,-0.6539073033654945
461,Zakharov Function,1156.8827693667613,1500,1500,22.611407275024465,1156.8827693667613,0.369613792995628,6.403842440670528,-0.11931142788442006,-14.486084655069122,6.231695745257079,14.583132988613759,2.3987318632185133,-22.611407275024465,-2.0363691762892784,11.195858510865108
462,Zakharov Function,0.006285809659175667,1500,1500,0.042116591421731533,0.006285809659175667,0.009923585484907096,0.0017282742244382823,-0.022982557465112047,0.013828138139714646,0.042116591421731533,-0.0128993473910951,-0.0064747977073403695,-0.004633421312055838,0.04016314683427026,-0.036735410902074495
463,Zakharov Function,5.095475175679807,1500,1500,1.7605055823407032,5.095475175679807,-0.2860066982709599,0.45127580708668735,-1.7605055823407032,0.9732306520911114,-0.43618860935152826,-0.006287910826370924,0.1308643322165502,0.4023627741087029,0.07225951020244126,-0.2792491257140538
464,Zakharov Function,2.36830669456256,1500,1500,0.71678464869063,2.36830669456256,-0.6451117939966466,-0.28498566406442744,-0.045801059499266425,0.28766977964424534,0.36256692393988543,-0.71678464869063,0.6017176158312809,-0.14040995034135295,-0.30682109347364317,0.1019094754762861
465,Zakharov Function,0.0017096231737269043,1500,1500,0.012620309237924024,0.0017096231737269043,0.005386985059342306,0.012620309237924024,0.0037403677123301667,-0.003226191025209985,0.011361246988966654,0.012080711318489668,-0.008086337362764217,0.005667258392670703,-0.008244052702061192,-0.0007818883648739597
466,Zakharov Function,0.02008350026669895,1500,1500,0.10037254243844371,0.02008350026669895,-0.01640852249863417,0.03975230700507379,0.008567275112754485,0.00105579174808403,0.014213386953368157,0.10037254243844371,-0.06984021552401097,-0.014444406555151466,0.019036482296953393,-0.024798885012473612
467,Zakharov Function,180.16286031598375,1500,1500,9.085274840809305,180.16286031598375,1.9076298439350596,3.4098655771491786,-3.1776553597327797,6.927708549519888,-2.061555232461448,2.6407334244471667,1.4474394857078599,2.7795645648710368,-9.085274840809305,1.761019697100696
468,Zakharov Function,0.1877636550916361,1500,1500,0.16965233272379082,0.1877636550916361,-0.004304402974901096,0.007415044115678518,-0.10654531426736952,0.09703228107609176,0.16965233272379082,-0.14478021449440723,0.06542723131571315,-0.12458584088933475,-0.05072870396846213,0.03495998100822837
469,Zakharov Function,0.907514441961622,1500,1500,0.7331251447925259,0.907514441961622,-0.15931552355306433,-0.3262510772677554,-0.09126054147446877,0.7331251447925259,0.024374864687672165,0.28812413149764227,-0.20451738265049746,0.058147679763200844,-0.2599762245845184,-0.07229754252108592
470,Zakharov Function,2.16231398148866,1500,1500,0.8855594303280747,2.16231398148866,-0.017574875084845232,0.17431627024260063,0.5387163651289979,0.2594072031837701,0.8855594303280747,-0.28048712619296934,-0.542010430647263,-0.6840238761468042,0.3740522834194199,0.03526322379115082
471,Zakharov Function,4.741878434430929,1500,1500,1.70011842326683,4.741878434430929,0.018666714564010867,0.3528762744935309,0.23382977668929186,-1.70011842326683,0.4981731128514748,0.2846111395744019,-0.9966779197461944,0.2454586183373883,0.33381102912740346,0.36104680197364336
472,Zakharov Function,39.84408259443341,1500,1500,5.184078381450091,39.84408259443341,-0.9642277752837738,0.904053602555515,-0.4487327282142083,1.4122155141314563,-0.4174582309823479,2.760575067316987,-5.184078381450091,0.4071457911400361,0.8780322555622938,0.5408120098890623
473,Zakharov Function,0.042996154965153195,1500,1500,0.16137355258861386,0.042996154965153195,0.04236246903490524,-0.00858650644628645,0.05998737330819063,0.023125486603726375,0.045257684314652005,-0.06148247314272584,-0.16137355258861386,0.04632713045543481,0.05100547560994631,0.01652822576979342
474,Zakharov Function,13.062434581886949,1500,1500,2.4476284961560344,13.062434581886949,-0.6185563098443759,-0.5738979549341782,0.5685073675341696,1.3938509667742118,-0.7162501858013037,2.4476284961560344,-0.012182497991355894,-0.030970170147969767,-0.045244768843489824,-1.719506657753056
475,Zakharov Function,5.514279434561248,1500,1500,1.5713556579732169,5.514279434561248,-0.1495525175849007,0.25394120171936707,0.6963912472746001,0.18872668165288098,-1.1737341584617498,-1.5713556579732169,0.33921498689250285,0.673932103022943,0.14648209692959707,0.40052839405065854
476,Zakharov Function,12.637317610169367,1500,1500,1.8248887841308334,12.637317610169367,0.8757597985344775,-0.02622822278801873,0.9048482285202317,-0.8305664545047691,-1.789602092243881,0.8420689027817281,0.1855558682258972,-1.8248887841308334,0.36330962104184783,1.5073723909517183
477,Zakharov Function,0.00644511317695005,1500,1500,0.05098152242232355,0.00644511317695005,0.027943039241778107,0.011627321570820623,-0.007236886022625746,-0.00261759385164706,0.023013108235053654,-0.05098152242232355,0.011021737595815838,0.0349832987230536,0.010901813768548164,-0.025232783448933323
478,Zakharov Function,0.02954716057540453,1500,1500,0.09703747077511427,0.02954716057540453,0.09703747077511427,-0.017280831214422414,-0.0791663461102613,0.0230446870731916,0.015172312148839233,0.03463362711866484,0.027033941658624775,-0.07031783917007811,0.049489813015737474,-0.015952509709648448
479,Zakharov Function,1.6855267326702437,1500,1500,1.0017630709634795,1.6855267326702437,-0.035976420654912064,-0.1956046688009293,-0.13529112336338475,0.21781315936058693,0.201075885804366,1.0017630709634795,-0.2679327890585492,-0.6132543418122838,-0.22542420430068677,0.18631489256023492
480,Zakharov Function,1.5879361890673325,1500,1500,0.7067554663340619,1.5879361890673325,0.48455816380803474,-0.260655564784974,-0.17519595431960922,-0.7067554663340619,-0.4239352415117668,0.6811221378265895,-0.06760004981699964,0.09798398133974531,0.038810211713444745,0.13038328591322834
481,Zakharov Function,10.468318336648284,1500,1500,1.8745131376744313,10.468318336648284,-0.06383305933924847,1.4459637331772779,-0.7497934992343628,1.111443410798217,-1.8745131376744313,-0.6163806467073334,0.236615094074597,-0.8992301050778437,1.2826304979683485,0.13003994213078557
482,Zakharov Function,88.76152504078668,1500,1500,4.4883883004242255,88.76152504078668,1.1925498550869678,-3.3810639805627334,4.4883883004242255,3.7414826799065626,-4.235712726080893,-1.4910535178794184,-2.6299996726583013,-0.6870194106385148,-0.5634580607337165,3.417162595227855
483,Zakharov Function,0.5054104616809462,1500,1500,0.603595308451647,0.5054104616809462,-0.011973693014066172,-0.10539119545372551,-0.08837603073559284,-0.05397636161705047,0.13840663358327246,0.026674566037556007,0.603595308451647,-0.26028457498829216,-0.1458426593892521,-0.0878687457324763
484,Zakharov Function,0.0002448550050095465,1500,1500,0.009932290017744554,0.0002448550050095465,0.0005709618696049471,-0.006684723528123517,0.0025754947509796858,-0.0017941179520854765,-0.005661465433293312,0.0008039224335574767,-0.004833973536683994,-0.002207034869600592,0.009932290017744554,0.0008724678551698759
485,Zakharov Function,1.8061841458988497,1500,1500,0.9972532633184807,1.8061841458988497,-0.03022270140311928,-0.47105892470106053,-0.2209350004649559,0.19632806824300586,-0.044214451378155294,-0.5581821033577739,0.9972532633184807,-0.18966639820723868,0.21925471841195862,-0.3151915922900002
486,Zakharov Function,0.02033656405182694,1500,1500,0.07404906421100257,0.02033656405182694,-0.02464346644134683,-0.034585058135284646,-0.052335466036569855,0.026881057002181727,0.06862275173734281,-0.014740483675180369,-0.07404906421100257,-0.0243977852392199,0.0606094795120543,0.009180912430775984
487,Zakharov Function,4.284515914869923,1500,1500,1.070872418465416,4.284515914869923,0.22495645985199175,0.3504458312556866,-0.8726346707771251,1.070872418465416,-0.06161790628206515,-0.36896740342945755,-0.41906993565867423,0.19268949925061407,0.7883450468178463,-0.41698294947236303
488,Zakharov Function,5.023105607078566,1500,1500,1.643707800823003,5.023105607078566,-0.5511614372100981,0.04057657411807658,0.1713446763416202,-0.4229091398073894,0.860545327343152,0.651655246729059,0.08414352688903026,0.32212120570988045,0.7024534434933132,-1.643707800823003
489,Zakharov Function,1.0179041213462645,1500,1500,0.488720885207267,1.0179041213462645,-0.066642626066034,0.39240973311282557,0.28788103503501644,0.08974706566194923,-0.3270247374015434,-0.488720885207267,0.047620693349962995,-0.10906451987185961,0.12005661794821669,0.09964550044318075
490,Zakharov Function,17.795880165485002,1500,1500,3.0510603740748543,17.795880165485002,-0.5912227131671366,-0.8942963630415783,0.10214371083950236,-1.6803763968678243,-0.2362432970994217,3.0510603740748543,-1.271360088342226,1.4629914813444072,-0.6487180619799301,-0.5061155374028702
491,Zakharov Function,91.66633908862822,1500,1500,7.590547091085526,91.66633908862822,0.6882022077697328,0.8681359926469963,0.4211327962880159,-3.023469668338067,-3.6884559211374603,-0.37154597184769467,7.590547091085526,-0.5750834996027896,-2.86712885404281,0.4787229870540842
492,Zakharov Function,7.525619772360667,1500,1500,2.2672003132023137,7.525619772360667,-0.6538613211127817,-0.8214069673159414,0.25399158241926634,-0.043588436053524846,-0.814616110301373,0.12673599546902758,2.2672003132023137,-0.49707669770501545,-0.4313885575108396,-0.2620220120777699
493,Zakharov Function,0.08573391214806167,1500,1500,0.1266457664209389,0.08573391214806167,0.06320656635535088,-0.10324140039579943,-0.09496210282981107,0.10666123666817207,-0.04290204037919185,0.1266457664209389,-0.11137089664864169,-0.09883989795576471,0.0747320060881975,0.046172921735304184
494,Zakharov Function,1.5384044561256465,1500,1500,0.8554286957334103,1.5384044561256465,0.20809298812756272,0.0033719664934271087,0.4001161044452056,0.193261148503315,-0.15075404417053503,-0.25032718903091683,-0.10952398755406374,-0.8554286957334103,0.11424259234155432,0.6735086275272484
495,Zakharov Function,43.86757659426862,1500,1500,4.105345911624354,43.86757659426862,0.19862115885064685,0.2914158258369075,-4.105345911624354,1.9603063607280542,1.33991706299394,3.2108858965461784,1.8832997070583195,-2.278844925160465,-1.2278083263869088,-0.7005770999323842
496,Zakharov Function,0.468273022597189,1500,1500,0.3615943418092955,0.468273022597189,0.24339435350659083,-0.08801389915564828,-0.2854557136438426,0.04722724201850617,0.04572562251596257,-0.3615943418092955,-0.001036804812203751,-0.25117449985559165,0.19268933680643346,0.2545251842838379
497,Zakharov Function,0.2627105032399205,1500,1500,0.26683566589423124,0.2627105032399205,-0.14439679306128622,0.104601701175627,0.1939570170774921,0.204347306643954,-0.017584773869643133,-0.10876159130685281,-0.05499702249781632,-0.141366547609652,0.26683566589423124,-0.18257243096699916
498,Zakharov Function,17.611443038878022,1500,1500,2.4168818593077463,17.611443038878022,0.2331039377457187,-0.8941373266383339,1.4205428575776997,-2.4168818593077463,-0.49585947450671075,0.2295578683563505,2.2921737286993604,0.9859033117368323,-0.4013295458121925,-1.338686172463467
499,Zakharov Function,21.826080309963174,1500,1500,3.635321938212061,21.826080309963174,-0.2653486571986048,-0.701332950206488,0.9737257132054171,-0.5986136634864058,0.28061168485945975,-1.0198679292496111,3.635321938212061,-2.353219287209321,-0.03715875616052372,0.012774417503579707
500,Zakharov Function,6.834289878972725,2000,2000,1.585901934572969,6.834289878972725,-0.11670288290892901,-0.1832069845610714,-0.4650789984580813,-0.1562711266186404,1.585901934572969,-1.4521870024652777,-0.7859761324666814,1.0909447805794896,0.10932088374412983,-0.14712769830845027
501,Zakharov Function,0.15083106351081316,2000,2000,0.17696929516700258,0.15083106351081316,-0.04739001017752876,-0.025180157258237627,0.16906524967230502,-0.009986836793353472,0.14373448689264243,-0.17696929516700258,0.05165375920872505,0.07182295073364288,-0.15845887751405424,0.0794090844904131
502,Zakharov Function,0.03753018424889395,2000,2000,0.12068118373482434,0.03753018424889395,-0.03920743170865773,-0.02087034529285866,0.12068118373482434,-0.005188848323741724,0.04489337098955319,0.012713938812885073,-0.1186079150422476,0.010547775477601787,0.05532622050376493,-0.0349400320321559
503,Zakharov Function,39.43275429044418,2000,2000,3.9644492428510336,39.43275429044418,0.4374968779347154,-0.06548404613603276,1.5731293927252068,-1.637236862761542,-3.9644492428510336,0.8973048866734405,1.9978327859213607,2.9021300368600476,0.165233664162352,-2.1536225175254966
504,Zakharov Function,13.945740239666922,2000,2000,2.0701005754014528,13.945740239666922,-0.7906815959218763,0.8117623158673526,-0.6835249290297573,-1.4346477767299266,-0.5626165282774309,1.1186313471621,0.3320046539512298,-2.0701005754014528,2.0317628903353215,-0.05934003482833372
505,Zakharov Function,6.646546135271305,2000,2000,1.4213929887024896,6.646546135271305,0.34871978548614513,-0.1497472896554145,-0.5774992717109331,0.719188832273587,-1.4213929887024896,0.5980595808580753,0.38363655779149963,1.227064566373083,-1.2228256007715315,0.14467201793518167
506,Zakharov Function,0.008532495367428056,2000,2000,0.04589044593623686,0.008532495367428056,0.04403181077122374,0.009498499145164131,0.008131107450168993,0.03376514714293392,-0.02928183405376729,-0.005617231489751979,0.0289524076467306,0.03606097189656174,-0.04589044593623686,-0.01062519813259511
507,Zakharov Function,0.02313562043165566,2000,2000,0.07490438245737249,0.02313562043165566,-0.029304109705000185,-0.04980825005451553,-0.057242314564258365,-0.0037834395156533807,-0.05482310071639693,0.06077350312143343,0.07490438245737249,-0.05889284003947143,0.02152781119181952,0.0010711599114486964
508,Zakharov Function,14.470388527176851,2000,2000,2.9356161021997234,14.470388527176851,-0.4487313556120332,0.6402648271928384,-0.8041302433290825,-1.0937105788527266,-0.6007506400154161,0.22485241997804628,2.9356161021997234,0.6021204525054318,-1.5733912914842696,-0.31640936953697935
509,Zakharov Function,6.3021528617674125,2000,2000,1.6209598679679849,6.3021528617674125,0.03499608233485507,-0.8395254238179055,-0.7073471390930344,0.9947757602879006,-1.6209598679679849,-0.2684778161192779,1.1555439076363043,0.20414642882517087,-0.04356478493821936,-0.015466408747446592
510,Zakharov Function,80.63859722915407,2000,2000,5.691212384764898,80.63859722915407,-1.1494997956134991,4.2350700494074,-2.4487692552143496,-1.2113753139918533,0.6532101598309673,-5.691212384764898,-1.4305395653434692,4.1270277223374014,1.390039293693165,-0.03334189868832258
511,Zakharov Function,0.06715248218486067,2000,2000,0.15060696310145047,0.06715248218486067,-0.012345543173413534,0.15060696310145047,-0.019401559852590053,0.09764289861715453,-0.07218566145697168,-0.13847321120524259,0.05955713929270208,-0.053903675702197326,0.012014348344104466,0.03894624833345016
512,Zakharov Function,0.0006954287290918345,2000,2000,0.017096428325478266,0.0006954287290918345,0.00014133041237582907,-0.0011427020921463363,-0.009656875685475571,0.007473180844141088,-0.008411216518795268,-0.008094090622666757,-0.00018677604043849244,0.017096428325478266,-0.004001970302338855,0.001228394605838028
513,Zakharov Function,4.0337891705015645,2000,2000,1.054108482842621,4.0337891705015645,-0.6555216618940984,0.10709714943771242,0.23597466578576154,-0.46084353764185904,-0.1075203480796306,-0.43188511276893476,-0.9030468055292526,1.054108482842621,-0.13833518004274584,0.2195023791921335
514,Zakharov Function,125.00576756754873,2000,2000,7.501289842100801,125.00576756754873,1.109471933250523,0.32361001855848376,-1.9883701994722593,5.425986168307403,5.330403681454443,1.1451339829961862,-7.501289842100801,-0.33110417083815347,1.567194131165285,-1.114859818559104
515,Zakharov Function,0.27915585456447295,2000,2000,0.21556557404862853,0.27915585456447295,-0.20435110927491507,-0.11415695902574145,-0.12377164030300017,0.19230013581725164,-0.21556557404862853,0.0006381366401660704,0.11070651211448447,-0.11124386486445198,-0.09225488425975265,0.1546574428165412
516,Zakharov Function,0.7209839908465261,2000,2000,0.5271198311918139,0.7209839908465261,0.1961510750104759,-0.25756539123372313,-0.15871982218588704,0.05521473106399241,-0.12285918962544226,0.5271198311918139,-0.44039547300670284,0.2684609820384787,0.030717504596188133,-0.14737287605068844
517,Zakharov Function,0.8903389419177412,2000,2000,0.5780590255142128,0.8903389419177412,-0.05849660425847393,0.4962227709165806,0.315811122595159,-0.055735106875424614,-0.23878230613687257,-0.31407725129020836,0.5780590255142128,-0.033894568172437155,-0.032230289700548885,-0.18514688382408148
518,Zakharov Function,0.014188823421623531,2000,2000,0.03836116143946088,0.014188823421623531,0.01932262905619795,0.028407354825196476,0.03415270005972232,-0.03241999157025699,0.03596394895061865,0.02139719971113242,-0.005082443642697228,-0.03836116143946088,0.03509176204923442,-0.01760036665931023
519,Zakharov Function,0.5009437579076409,2000,2000,0.38514034520988916,0.5009437579076409,-0.13212956204114304,-0.04342820980884743,-0.2604366089670753,-0.15840322571916915,-0.05799273604148916,0.38514034520988916,-0.04050480187255286,0.37168033695735064,-0.3092826967741288,-0.033446499578706684
520,Zakharov Function,0.006476881877985815,2000,2000,0.050659008672366196,0.006476881877985815,-0.001864671211113902,-0.00902392582378491,0.050659008672366196,-0.03451188386499822,-0.005268252701909483,0.03723847927693868,-0.028930915276609813,0.011737019670276023,-0.014269795724331513,0.0035095830833591804
521,Zakharov Function,0.07005833498849398,2000,2000,0.1043999440024469,0.07005833498849398,0.05297240742439905,0.016344491934141857,-0.05899656077809104,0.0737497361669952,-0.07910175967980848,-0.1043999440024469,0.029627042638967954,-0.05556952121556109,0.05003642460109364,0.02429995361285335
522,Zakharov Function,0.03193983728902454,2000,2000,0.10430180858413243,0.03193983728902454,-0.0639589623967781,-0.006632336865366941,0.08108994902140435,0.022390325063961897,0.010806209151928512,-0.10430180858413243,-0.05332350533291513,-0.009483967898190282,-0.007546712897099621,0.07852193339263891
523,Zakharov Function,0.07648803950923062,2000,2000,0.1413330743456735,0.07648803950923062,0.013424016899877822,0.07370018612463339,0.11011949426493933,0.1413330743456735,0.01172720658077224,0.028324833423690958,-0.10562179383464093,0.021390719492441895,0.07959716322236801,-0.13556308568603487
524,Zakharov Function,1.670229856367552,2000,2000,0.6797976205433147,1.670229856367552,-0.16745742334350827,0.5205622120658167,0.18076923879016282,-0.6797976205433147,-0.48347707413437624,0.04073560841512111,0.04709102151071101,0.27377028095629163,-0.41701592067162574,0.38072177977336474
525,Zakharov Function,6.6636433895290414,2000,2000,1.312171606699169,6.6636433895290414,1.312171606699169,0.21484203277274694,-0.9470675939846385,0.1319007174362985,0.7113830060767972,-1.0226244024327023,1.1315573345138654,0.6988122738429406,-0.7141024350137699,-0.36986418854597014
526,Zakharov Function,10.522218884407225,2000,2000,2.0292527399835945,10.522218884407225,-1.181883426501737,-0.6311027788645851,0.06328757656696687,1.5406075365885092,-0.006544635019321066,-0.055411706682981926,-1.0782449328547898,2.0292527399835945,-0.3421159627506716,-0.8200291744979527
527,Zakharov Function,9.18397592323923,2000,2000,1.3398457155497945,9.18397592323923,-0.7857164834511794,0.22400477920616324,0.13760437332327136,-1.1581796498746972,1.0296184010050253,-1.2212468478352967,0.8967285121557571,-1.3010759289463714,1.3398457155497945,-0.212647745704304
528,Zakharov Function,0.3516878777298364,2000,2000,0.3616261554960732,0.3516878777298364,-0.08801051307565771,0.00951156745314019,0.21001730676373292,0.17930870842668528,0.3616261554960732,0.04850400000410818,-0.25540231406951386,0.0306888599448676,0.059208607391059986,-0.20767545967239542
529,Zakharov Function,0.0077891348573566384,2000,2000,0.06326374478252199,0.0077891348573566384,-0.002989344587155362,0.02174623759601886,-0.018660313710474087,-0.06326374478252199,0.006688473497964581,-0.007215981726509722,0.0021676688581408893,-0.004561493824709523,-0.01594271514615471,0.04777184654884899
530,Zakharov Function,0.08453900526855007,2000,2000,0.15732140503084316,0.08453900526855007,0.09169475103338946,0.03680851695968891,-0.1386564427592737,0.06402327649628262,-0.002725713119318532,0.15732140503084316,0.08091545939736716,-0.13374445135287455,0.0038582404799070782,-0.04728263602498021
531,Zakharov Function,2.2104470814386534,2000,2000,0.8247026298774843,2.2104470814386534,0.2460219619728233,-0.8247026298774843,0.6561024312876504,0.4092332976699048,0.3042232031571519,-0.7706567349868738,0.22500037063790823,0.005247964996066994,-0.2940407552307582,0.2074586227954042
532,Zakharov Function,0.023513893407805166,2000,2000,0.07493884220115346,0.023513893407805166,-0.048534464805249075,0.05469744162323659,-0.0525717965956788,0.02734024466900729,-0.07493884220115346,0.05980014017133897,-0.015212375321501208,0.049039036380468054,0.004820512399938748,-0.023059801876524108
533,Zakharov Function,0.4445990255650589,2000,2000,0.4305970923995295,0.4445990255650589,-0.07021846028047803,0.11998990513252927,-0.2785741907442447,-0.1701939819259506,-0.08515497168411634,0.0718951248423873,0.15059539821738166,-0.1803079924040869,0.4305970923995295,-0.23495583806531967
534,Zakharov Function,0.03303663316744014,2000,2000,0.10041765323445023,0.03303663316744014,-0.0483850958737159,0.01201113183009208,-0.10041765323445023,0.07181492247014089,0.07168828463608626,-0.07885511840520379,-0.0013314025254780575,0.028960167409271965,-0.04188593065852064,0.03373227448522719
535,Zakharov Function,23.560435905889015,2000,2000,2.5456529550608105,23.560435905889015,-1.084933758451596,0.17580958232527233,-1.8965227094299237,2.5456529550608105,1.8465912457453024,-1.1754122917639167,-2.5442136693376356,0.9062806771258067,0.227855982715085,0.2995807458634333
536,Zakharov Function,0.1020770668385728,2000,2000,0.217781031409627,0.1020770668385728,-0.02854786017519999,0.01473257857378052,-0.04004948886441816,-0.0835831080777137,-0.1462745112228167,0.1305780187721709,0.217781031409627,-0.012798787755456675,-0.04647144347435897,-0.05249559230627067
537,Zakharov Function,0.013586376805276112,2000,2000,0.06386956610799753,0.013586376805276112,-0.002916433885093349,-0.05819331455134992,0.014081153834935821,0.06386956610799753,-0.05870412231016117,-0.006772512578613082,0.023885901803163717,0.03272457833061536,-0.0008461186228263425,-0.027514608723148804
538,Zakharov Function,8.325971539660536,2000,2000,1.5627162165129262,8.325971539660536,0.0719645610887984,0.8057693194669614,0.5981239043413353,-1.5627162165129262,0.8134812978450056,-1.4660561662206035,-1.0358737829458593,0.5297923921186737,0.7585164812296431,0.360064713514657
539,Zakharov Function,2.9834040819605745,2000,2000,1.290949254615648,2.9834040819605745,0.5718534014582213,0.45591284761339573,-0.0763281708040642,-0.21118051558814654,-0.19645824359733544,0.3155255116689151,-1.290949254615648,0.48502789594522844,0.2315806867064937,0.0770198349030842
540,Zakharov Function,0.11475810129128416,2000,2000,0.18718220963862525,0.11475810129128416,-0.06583938297820031,-0.11676724868672766,-0.041457708925456624,0.13805043669111985,-0.03372361051842623,-0.18718220963862525,0.09494101813028316,-0.09336349764397552,0.048771192445600686,0.05502743356656946
541,Zakharov Function,0.42237914793628883,2000,2000,0.23115434843332772,0.42237914793628883,0.008043978677941502,-0.011328279274413933,0.0515756853240398,-0.08982478198571854,-0.23115434843332772,0.050015218232954864,0.06823302975326803,0.10766961903317179,-0.0450246750784475,0.11560874842860985
542,Zakharov Function,0.0974523391184497,2000,2000,0.167790693750121,0.0974523391184497,-0.01530463252671127,-0.0026530059039187887,-0.167790693750121,-0.13468111531649488,0.1572657509120924,0.07574219325186989,0.05443685793582585,0.08658225114374553,-0.08482266891790777,-0.051348657282800664
543,Zakharov Function,0.05868087580311727,2000,2000,0.12873433047793792,0.05868087580311727,-0.12873433047793792,0.026650717169531837,-0.04579158835336189,0.05640767443516265,-0.037127425804854924,-0.014757880735443235,0.028485112636145008,0.022056669486984544,0.0665510146022735,-0.09869796928901445
544,Zakharov Function,0.0537543932052899,2000,2000,0.09675687096516983,0.0537543932052899,-0.06906567191414978,-0.05562003829381475,-0.08545882138716515,-0.04355833332630422,0.014995648146366645,-0.03711560590087383,-0.04370386187554247,0.022929315971970156,0.023536233397550635,0.09675687096516983
545,Zakharov Function,21.503568561275596,2000,2000,2.6704585750781993,21.503568561275596,0.0025605170345309736,1.6821382781613161,-0.6425597431319078,1.5660232009510269,-2.6704585750781993,1.0880797663344697,-2.4541791848512102,0.16021983337968007,0.40374346122055493,1.1316163591957504
546,Zakharov Function,0.16379311465462082,2000,2000,0.18630412567013083,0.16379311465462082,-0.0910081498910452,-0.028479853427515057,-0.07051121933837451,-0.1672096688303219,0.09720773914225536,0.04309044670660503,-0.08312799276182299,-0.18630412567013083,0.08591929990795744,0.11537155159236387
547,Zakharov Function,0.3093682820456422,2000,2000,0.31472090620778503,0.3093682820456422,-0.13994615789849452,0.007608167331557891,0.046892387826272974,-0.31472090620778503,-0.21048231554831526,-0.22214094711825005,0.12386945366779331,-0.03901089338804174,0.18348515437090163,0.10643564397291062
548,Zakharov Function,92.24715680294179,2000,2000,6.012386378806289,92.24715680294179,-0.8160028627791911,-3.0875367009837813,0.6792889242965614,-3.417997161145609,0.8720667897544874,4.069119143473796,-1.049524573018446,6.012386378806289,-2.221814029912785,-3.1836744141556323
549,Zakharov Function,0.05520633664734423,2000,2000,0.13931776091190137,0.05520633664734423,-0.001125734967569847,-0.03373972276625434,0.004589767096395442,-0.0121277569108319,0.05320549936727158,-0.014738116402857139,-0.0914889560006516,-0.02488240948105487,-0.09529914117441848,0.13931776091190137
550,Zakharov Function,49.306537596781105,2000,2000,4.689415513047026,49.306537596781105,-0.3710770927967584,1.2499664131583064,0.9961674881447133,-0.6520114843996275,-2.5652664609335365,4.689415513047026,-3.7815723353288364,0.19005336918930454,1.3185969651547533,-0.6381879150686822
551,Zakharov Function,2.6186678113741846,2000,2000,1.2193764219593872,2.6186678113741846,0.0017086496237917644,0.2074690007003075,-0.16123280242345386,-0.03717672150785936,-0.21038117290275718,-0.7348750300354202,1.2193764219593872,0.10506729519900773,-0.5145840583653187,0.010337291367487601
552,Zakharov Function,0.01064206177323749,2000,2000,0.05925948687863919,0.01064206177323749,0.027537299027956385,-0.025820702032353274,0.032864891160771216,0.05925948687863919,0.016376619926103064,-0.05344198913247171,-0.029675078002997735,0.019955891058018586,0.009734921821920428,-0.010311189481362646
553,Zakharov Function,31.978916567609506,2000,2000,3.165994824831251,31.978916567609506,0.010277750334968389,-0.3253447545243361,2.4206450711544933,-2.3058999007839693,-2.2589822934614054,3.165994824831251,0.8762980242921082,-2.086055396642676,0.46658290100397903,0.03760964903077081
554,Zakharov Function,1.0432294662642723,2000,2000,0.5898812732951182,1.0432294662642723,0.27027911523068393,0.3101438795067205,-0.10513393073447214,0.2748490941872388,0.1503530958995276,0.2056403380680007,-0.3650476795651615,0.5898812732951182,-0.39749062031187554,-0.1806929001449128
555,Zakharov Function,16.726337725511673,2000,2000,2.9839010202373313,16.726337725511673,-0.6614248491325139,1.5935768098651761,-0.10692963365791172,-2.9839010202373313,0.9119664389225963,-1.0940779162741798,-0.8713539775258159,0.32373743571222224,1.0288235589423784,0.7072655836636894
556,Zakharov Function,32.821201856376376,2000,2000,3.530765352744154,32.821201856376376,-0.810667191569693,-0.5118820608400376,-1.0038215515880733,-1.3064672109887496,3.530765352744154,-2.472054009223737,-0.1882469440571593,-0.4142196253242729,2.9030860860038628,-1.3530037835796598
557,Zakharov Function,10.0733904672387,2000,2000,2.1555736823825247,10.0733904672387,0.09954975130018257,-0.13982278180064608,1.181905554642688,-0.7070577323564164,1.1100494867366073,2.1555736823825247,-0.5314766177834261,-1.309528417186669,-0.481416430753303,-0.01031063600283772
558,Zakharov Function,0.11039614708377592,2000,2000,0.19047358253227703,0.11039614708377592,0.11786242847581391,0.10576266668577317,0.008025414539372706,0.030436873712492152,-0.1187998807850268,-0.19047358253227703,0.1273717953429522,0.1247755944744505,-0.028326769174927213,-0.03592465598466997
559,Zakharov Function,4.368347797217764,2000,2000,1.5797448155935583,4.368347797217764,0.6021319696318743,-0.04294612575330309,0.5760319197723016,0.059425363688968724,-1.5797448155935583,-0.17275710673787048,-0.11802209192532609,-0.34306459979741566,0.8487797235195482,0.14440605641219897
560,Zakharov Function,0.03158232629163065,2000,2000,0.09476702200719456,0.03158232629163065,-0.0575494829450717,0.0675433809201492,-0.07920504282062715,0.02659370430580276,0.012909512711867556,-0.09476702200719456,0.0016030220340817352,-0.005453262422821896,0.07387215071468935,-0.01602575707876104
561,Zakharov Function,0.09787164961492922,2000,2000,0.23358193862618343,0.09787164961492922,-0.004862390675310635,0.06673865419015876,-0.09014904099897808,0.034757458450358006,0.03538892830826973,-0.029119301687246482,-0.010369433671408301,-0.23358193862618343,0.14932956496160227,0.0652166474053884
562,Zakharov Function,87.31141017052488,2000,2000,4.562049306371714,87.31141017052488,3.441995733771948,1.4069235739469605,-2.0093940081324666,-0.28673863365020424,-4.562049306371714,-2.2809059467104653,0.4080031679602012,4.1893103739953945,-2.763392254408091,2.915357968329288
563,Zakharov Function,0.07825394424284308,2000,2000,0.19048822552747058,0.07825394424284308,-0.19048822552747058,0.03818364849433703,0.06766400773808173,0.011775194597879124,0.06518988751239069,0.03616924733668114,-0.004390497868857979,0.08017060469749622,-0.1447693392798282,0.011701450338579809
564,Zakharov Function,0.6552712440416449,2000,2000,0.5430688441600396,0.6552712440416449,0.39043796396596414,-0.20032319130485532,-0.03147833940023659,-0.06242281183685865,0.5430688441600396,-0.17740524755560483,-0.17164294256156598,-0.09035567284550255,-0.12234121551397925,0.12394477305953086
565,Zakharov Function,3.0633315812920445,2000,2000,0.749632419422176,3.0633315812920445,0.12395586796001704,0.7419599256300053,0.41886429548170034,0.19759654158337303,-0.6397776907689736,0.03793408581207797,0.19099372132593528,0.2513073214676765,0.5534568933879768,-0.749632419422176
566,Zakharov Function,9.3992062266328,2000,2000,2.312077217983317,9.3992062266328,0.2973952973899735,0.21415694508781213,1.4044717271582547,-2.312077217983317,0.8010877830877621,0.32702546939060434,0.8123768457340171,-0.4331684695386595,-0.08088109768223406,-0.39551719220436826
567,Zakharov Function,226.1064438880969,2000,2000,11.037346578043767,226.1064438880969,0.28721633870030366,1.583067115447646,0.8984555034329198,0.5896057229280578,7.78684602579708,-3.217180994117573,-11.037346578043767,5.218354416137355,-0.49225821748146514,1.021292385982576
568,Zakharov Function,0.1442724101990869,2000,2000,0.1728064202175143,0.1442724101990869,0.10984819937044582,0.015044265416706351,-0.1728064202175143,0.0479641099711606,-0.10967430351165691,0.07717170432532819,0.08000338922437453,0.0594712788259337,-0.03148308372421388,-0.0963124631573726
569,Zakharov Function,0.029036497815161672,2000,2000,0.09351028186050998,0.029036497815161672,0.0617568599723725,0.02421629920469623,0.03617860268857557,0.004541017620926752,0.07849097633196027,0.035773110308018254,-0.09351028186050998,0.05686967241538249,-0.010841094027236816,-0.058444615441738734
570,Zakharov Function,0.00038594279127768526,2000,2000,0.011258371365202087,0.00038594279127768526,0.011258371365202087,-0.006538719584648626,0.003935143061888003,0.0032808836829814245,0.00760698926343487,-0.0004200070695779762,-0.006586457046395716,-0.007068930418137941,0.000894591284494372,0.0044508748688927655
571,Zakharov Function,0.0023525628478049494,2000,2000,0.028038788837106907,0.0023525628478049494,0.008153750070139291,0.028038788837106907,0.002825022772896646,-0.0078623399570598,0.021700793764939517,0.0032235323777219903,-0.009568334049286094,0.004226635733529794,-0.011363802375298427,-0.008421597634404261
572,Zakharov Function,13.839460898213794,2000,2000,2.2842828682032312,13.839460898213794,0.0121140325993353,0.3678753765723337,-1.3472943619666753,-1.8079995638322912,2.2842828682032312,-0.06196643629022924,1.0461895359872584,0.7780151345817317,-0.9205524209803808,-0.6868923591231386
573,Zakharov Function,0.11750760033073454,2000,2000,0.1600688344641909,0.11750760033073454,-0.08594068519891916,-0.013207864969214451,0.13288435120229783,0.01996743946409256,-0.11669923115905759,0.14414200222497614,0.1385237289782934,-0.1600688344641909,-0.03939722906328062,-0.01885810108138862
574,Zakharov Function,13.71942729855207,2000,2000,1.9739954766222456,13.71942729855207,1.1367119164134016,-0.7382361423588885,0.5469425033884154,-1.1827251286471325,0.07135569457832328,0.67611023596696,-1.6518889806368948,-1.0517389327623807,-0.3013708001935107,1.9739954766222456
575,Zakharov Function,0.503851194224521,2000,2000,0.35566937686022493,0.503851194224521,-0.29786584651708703,0.08944284090138421,0.09752885540473566,-0.267740110625906,-0.03687433661312506,0.35566937686022493,-0.07523903245961405,-0.21649630087587438,0.2419962192478572,-0.04092893839921463
576,Zakharov Function,402.7710752225939,2000,2000,12.66022076017701,402.7710752225939,4.247714353136219,-5.658231028207062,2.8075059908937754,-2.425187758523797,5.840530469641588,-6.738812515824596,12.66022076017701,-9.241846546580396,2.997989662152907,-2.1147591350588586
577,Zakharov Function,5.301515318514772e-05,2000,2000,0.003538803653086316,5.301515318514772e-05,0.0016119245572853037,-0.003538803653086316,-0.0005393690627553474,-0.0030338685375722197,-0.0008467699124950438,-0.0008985620087428874,0.0013917548289826488,-0.0006412449351719997,0.0006602030143880047,0.0026546809283783416
578,Zakharov Function,1278.0014523693558,2000,2000,28.52418938184701,1278.0014523693558,3.661402650927716,-5.985552593593111,-11.407623311416238,-12.769534417951075,-2.0827719465789643,0.4043463636878807,-4.148493523427221,-7.525127589141507,28.52418938184701,-6.603010297076571
579,Zakharov Function,0.4962796659013654,2000,2000,0.18034706552431362,0.4962796659013654,-0.13412164871761728,-0.1641268481476694,0.18034706552431362,-0.09619039976883403,-0.02062380518449669,-0.15283249969213003,0.03448067452122356,-0.12563709053630454,0.17854923804915396,-0.05449680191740394
580,Zakharov Function,0.0005013478866559227,2000,2000,0.01235866125396996,0.0005013478866559227,-0.00669722897107624,0.007181269111312012,0.011625868766304715,-0.004035048618276475,-0.0030150486838279277,-0.01235866125396996,0.0001935037543995483,-0.0037713512270890997,0.0028996552914767153,0.005270549752954514
581,Zakharov Function,0.0032783109521870237,2000,2000,0.03515466360992832,0.0032783109521870237,0.023920822611839223,0.0049734442173861885,-0.014359570312823632,0.004695219488554505,-0.03515466360992832,0.007709505017336403,-0.0252686697234149,0.011683807411599927,0.01864362345059603,0.002477509985219818
582,Zakharov Function,0.002830402594658534,2000,2000,0.02443351914501299,0.002830402594658534,-0.02443351914501299,0.007300054389120382,-0.01390453035914677,-0.024337809788110384,0.011156527617459881,-0.0006114811823031887,-0.02382619928359999,0.010717347022739082,0.010163601410860111,0.012283974048496744
583,Zakharov Function,846.9661966702998,2000,2000,19.907092429178086,846.9661966702998,1.3134130827643733,-10.055765015467378,-4.814491341150626,7.492457497368623,4.02518684890654,6.568489919458702,-7.4247928678739985,19.907092429178086,-9.370783955145454,-7.609478584814804
584,Zakharov Function,75.1580043754644,2000,2000,5.979743696567382,75.1580043754644,0.7498167183976534,-2.131112176928502,0.2981397731259132,-5.378680350784536,-0.32191273026515566,-1.1163524287788602,5.979743696567382,-1.4123194470797602,-0.9225947472351783,0.93404869374691
585,Zakharov Function,0.17772554773169505,2000,2000,0.279380830537566,0.17772554773169505,0.01895487695548468,-0.20239379529802082,0.14389991669226868,-0.04450135516271192,-0.12174219218313007,-0.07946870645331758,-0.09462880284520633,-0.04188365540706643,0.279380830537566,-0.01813896646004498
586,Zakharov Function,6.266006467809673,2000,2000,1.3661296678301684,6.266006467809673,-0.053952417586816695,1.1036727402199715,0.04536583750864705,-0.45536680513471994,-0.7851469215461127,0.9649343573842302,-0.6877977135567548,1.3661296678301684,-0.7615435552292033,-0.05250772201751064
587,Zakharov Function,0.09629788956800348,2000,2000,0.16614449205880638,0.09629788956800348,0.0010583360955273569,-0.04302336921659722,0.13886960122770922,-0.031028912543374643,0.024073370770438293,-0.0331029705538201,0.07610620477258144,-0.06594931793433995,-0.16614449205880638,0.15632388876297848
588,Zakharov Function,3.5405974405914065,2000,2000,1.0067901408344275,3.5405974405914065,0.3015051563119471,-0.23095784484633006,-0.7817321927699896,-0.9521787540546897,0.34502347065589906,0.22835629868542895,0.36774531222099704,1.0067901408344275,-0.5305908115160531,-0.17284210693379132
589,Zakharov Function,0.00824234094629253,2000,2000,0.05209659386127655,0.00824234094629253,0.05209659386127655,-0.02905156477365179,-0.01646774044240072,-0.012980290826402952,-0.014647138506709123,-0.022548581899916695,-0.030030702904870556,-0.01421263257784526,0.04074648566074835,0.027505051488326764
590,Zakharov Function,1.0949985040962924,2000,2000,0.625719565564899,1.0949985040962924,-0.13799106789458848,-0.625719565564899,-0.18989755760414964,-0.29819289192467513,0.2674139411420321,0.2612852079304141,-0.2765348866573415,0.27863395409099906,-0.38788135876455326,0.32524539854360246
591,Zakharov Function,15.75298509029385,2000,2000,2.505918346885598,15.75298509029385,0.1562355773825948,0.08740781402833098,-1.4750927555272526,-0.5753774292051713,1.37700131826038,-0.8432230246278068,2.505918346885598,-1.9448625576945606,0.3499544612258892,0.05656831415742447
592,Zakharov Function,3.0149647158976407,2000,2000,0.8966770597824115,3.0149647158976407,0.6774824448707415,0.39469348300795604,0.30384180097856406,0.2516707653876825,-0.4807031026955859,-0.8941608553653633,-0.028263636925260238,0.8966770597824115,-0.5188721210174668,0.14202910233593863
593,Zakharov Function,0.0447689988814806,2000,2000,0.1129111498275273,0.0447689988814806,0.07105613495086097,-0.04531448118451326,-0.1129111498275273,0.0033891294729467975,-0.009174255603565752,0.10978255916638888,0.04143157939056345,0.005816589322860175,-0.007754241457745451,-0.03376099408143377
594,Zakharov Function,0.1407485273039671,2000,2000,0.207487945632446,0.1407485273039671,0.05964591615218862,0.1762754021489389,0.07556496294590567,-0.207487945632446,-0.009036130182108512,-0.1563448468818802,0.16706559220206343,-0.025405219130872812,-0.03659674792290858,0.049216253621958445
595,Zakharov Function,71.2819909446744,2000,2000,5.34510752253983,71.2819909446744,0.5093502572375542,0.583683780550567,0.4730568013821306,4.261963644386633,0.07668993583052286,-5.34510752253983,4.151204686785501,-2.300684248260149,0.8330191125641762,-0.587150017636831
596,Zakharov Function,0.13962937046929474,2000,2000,0.25664221275074783,0.13962937046929474,0.06434550944180628,0.04326092310515955,-0.0010738411974442336,0.0013584333289407315,-0.25664221275074783,0.11332333864991467,0.09265632577506072,-0.16637057592142596,0.04918836274116969,0.08743270423437247
597,Zakharov Function,48.79159024658149,2000,2000,4.708920496497082,48.79159024658149,0.9001807011439643,0.755733843250809,-2.9108719051177063,-3.0150890683883405,4.708920496497082,-0.09919844588184068,0.2735188171667588,-1.024299244857835,-0.38912408910405166,0.8005701607500493
598,Zakharov Function,0.09656915201806354,2000,2000,0.21563104785281867,0.09656915201806354,-0.1671907800321351,0.03859437994737139,-0.0060858405987622224,-0.03700764415547786,0.21563104785281867,-0.05766833058238055,-0.06254405743074574,0.06515508424242877,-0.07085026752760196,-0.002569735493677408
599,Zakharov Function,7.491473389282606,2000,2000,1.8318119643366546,7.491473389282606,-0.2390086254492287,-0.26710574131059245,0.8886426712776241,0.6199963253677437,-0.6973762889644104,-1.8318119643366546,1.427545429031713,0.06838655077431613,-0.393259241973789,0.254248549934895
600,Zakharov Function,0.968983522199358,2500,2500,0.711711652015407,0.968983522199358,-0.07073263737238675,-0.28401072559365703,-0.30558166981785523,0.08108297153352734,0.711711652015407,0.33040845037146577,-0.3893870218514959,-0.01387614864986603,-0.08750790354828619,-0.07779033981163685
601,Zakharov Function,0.0027283404553199984,2500,2500,0.03178678199984784,0.0027283404553199984,-0.014566522919794043,-0.0069163583982625055,-0.010443767502221105,-0.013064005691319174,0.03178678199984784,-0.011439600128143972,0.018337157479019178,-0.0190767728610578,0.0029311083277025977,0.0054694962117392935
602,Zakharov Function,0.021798154454034806,2500,2500,0.11814667287327267,0.021798154454034806,-0.043572518619156786,0.11814667287327267,-0.059486043915400105,0.014801613593713304,0.023159976693249713,-0.009006956919856285,-0.014301017245284098,-0.027520172172957824,-0.004307773858381991,0.023517239036052025
603,Zakharov Function,0.09843668047365406,2500,2500,0.1769783550418202,0.09843668047365406,0.034022236048834184,-0.04317564587576274,0.05266362411700412,-0.12218781237542661,-0.1769783550418202,0.13289362472585492,-0.007735241019938888,-0.01817496629155045,0.03447349212962583,0.0034697046183542885
604,Zakharov Function,0.000795708484769764,2500,2500,0.015902611036408682,0.000795708484769764,-0.015902611036408682,-0.006875859913388267,0.015759051165125874,0.008279614415476515,0.006372296952167629,0.005814024631350523,-0.0027161608476320488,-0.009659829263302496,-0.0018175144919493954,-0.00048574549848834445
605,Zakharov Function,0.04100882034210395,2500,2500,0.09356755662553437,0.04100882034210395,-0.0894380171378719,0.07255179421708852,0.09356755662553437,-0.031153842651444434,-0.012417054292571846,-0.06060068801911539,-0.017651741211837678,-0.06409252439337518,0.08249443484675267,-0.00010279323000817863
606,Zakharov Function,0.005834773464699497,2500,2500,0.04373601228383275,0.005834773464699497,-0.023703865847962628,0.013915590492256,0.004107208163495196,-0.0026669879673929236,0.017217789445538825,-0.026033796698244724,-0.04373601228383275,0.042104389935326954,-0.007658668245642321,0.01287340037640204
607,Zakharov Function,0.0028770906377426947,2500,2500,0.029716176414075708,0.0028770906377426947,0.0026607414196779216,0.017297775275339693,-0.010955506880570336,-0.019479621487351034,0.02941131143802355,-0.029716176414075708,0.0104498308244718,0.006939239514417829,0.006661919778480945,-0.006622780120400299
608,Zakharov Function,0.00437392419417675,2500,2500,0.03089076852030196,0.00437392419417675,-0.002862780447751327,0.008811139041504941,0.027910209208071537,-0.02747804288594243,-0.03089076852030196,-0.012071658176667641,0.0251167796988766,0.0010260742317629579,0.0055247312129469185,0.006610652188142059
609,Zakharov Function,9.690150970614681e-05,2500,2500,0.004521017177233939,9.690150970614681e-05,-0.001876718472877451,-0.004521017177233939,0.0023596641564397666,-0.0028618524825472814,-0.004149891040585384,-0.0014486212566970002,-0.0035398308015500792,0.004373360605931418,0.002527113448685924,0.0012689225790079564
610,Zakharov Function,5.491049714196538,2500,2500,1.7333559762548778,5.491049714196538,0.11253554971952681,0.22224946613145824,-0.28163775606559827,0.5943601712034863,-1.7333559762548778,0.7264243045395261,0.7909446823234327,0.4917848528602533,0.06378824840537387,-0.7643847734006394
611,Zakharov Function,0.25090848515792147,2500,2500,0.32894727940953633,0.25090848515792147,0.30004663368014883,0.11867940829897233,-0.012731357133163784,-0.32894727940953633,0.041132263117415815,-0.0819920432859876,-0.021936718763692374,0.020027367315626377,-0.016065773879574356,0.09635336862298867
612,Zakharov Function,0.00018033364329763906,2500,2500,0.007028437497799028,0.00018033364329763906,0.0022045426491230074,-0.001033471933890172,0.0056629946590864965,-0.007028437497799028,0.0027570621591113467,0.0019456916060624618,-0.0034893018652766656,0.0035794338652852366,0.003661877162669353,-0.005786039819458589
613,Zakharov Function,0.037535524347732295,2500,2500,0.05483807963965137,0.037535524347732295,-0.01250806753456453,0.03904752897580724,-0.033037815161681236,0.0007169776705667104,-0.028234064639239144,0.020402996314229843,-0.011397848244665991,0.0040718159395526365,-0.05483807963965137,0.02499686211078047
614,Zakharov Function,0.5524291960410973,2500,2500,0.48708482160389643,0.5524291960410973,0.2320343124701536,0.1918602328650631,0.1226834795380162,0.28382098497563785,-0.1393249615131766,-0.48708482160389643,-0.20504918108933023,0.2361825444698325,0.038224960712819195,0.053038620509717346
615,Zakharov Function,5.341359111240585,2500,2500,1.0199370734638578,5.341359111240585,-0.5999405102797897,-0.044948067667703484,-0.742504123726643,0.8129555563047509,-1.0199370734638578,0.8949925868763899,-0.023074479365137845,0.9324367613104496,0.07191051013538424,-0.9337164796205728
616,Zakharov Function,0.1287494234097933,2500,2500,0.22339327078989207,0.1287494234097933,-0.13990680811135933,0.009902839475200426,-0.013178927639103012,0.0722408376171737,-0.13370879000164576,-0.22339327078989207,-0.08875376785146499,0.0880630003792596,0.12568279977074467,0.06686527361836943
617,Zakharov Function,0.029305221073491667,2500,2500,0.08442695835127578,0.029305221073491667,0.06098869067054666,0.06284099204712659,0.08442695835127578,0.07961287392759284,0.00044881081202324813,-0.005402129490397756,-0.007670372162947824,-0.01933950344328443,0.02039450404761821,-0.05778792842848715
618,Zakharov Function,0.0012630319155451438,2500,2500,0.017949874119391356,0.0012630319155451438,-0.015206573528765411,0.017949874119391356,0.0019670716054469954,-0.01118635682798856,0.012150526243953342,0.016210984149274656,-0.007714826740202553,0.003450085183414879,-0.0026284900077913047,-0.009376368892600264
619,Zakharov Function,0.6619924836057919,2500,2500,0.5490160700857364,0.6619924836057919,-0.02715364559159033,-0.4581300181303847,0.5490160700857364,-0.2375828754337979,-0.010136817459742861,-0.2119686504969961,0.0781236575726016,0.12421304122039604,-0.021319530931153942,0.052508121198836605
620,Zakharov Function,0.09489618401082164,2500,2500,0.14960155704586378,0.09489618401082164,0.06256846462006099,-0.14960155704586378,0.08069496873374421,0.019824856886087996,0.09609990399518761,-0.041396997717494825,0.00522304931323625,0.067965693030091,0.02492606042458753,-0.1433499455457058
621,Zakharov Function,44.03704814885823,2500,2500,4.311942702104086,44.03704814885823,-0.6874878005834368,1.281371014804133,0.023585335891301074,0.6085621377716381,4.311942702104086,1.8712290174182435,0.7495193657242087,-0.03267258492131753,-0.06195645377552017,-3.9191261138624762
622,Zakharov Function,0.08320240456253292,2500,2500,0.15665983800511946,0.08320240456253292,-0.05420025806415665,0.011365977381546745,-0.15665983800511946,0.016686207645464177,-0.11511572706255563,-0.08359717047774107,-0.05426894269550912,-0.03156825855331297,0.1529593723337684,0.08273462940099185
623,Zakharov Function,1.8855180115508299,2500,2500,0.682336029767922,1.8855180115508299,0.3804708906890012,0.007071279565565358,-0.31215413388287633,0.20558883028465985,0.060275259710904916,-0.682336029767922,0.3070468007421705,-0.471748189809823,-0.20079125072847154,0.5795088628621677
624,Zakharov Function,197.9932677799839,2500,2500,8.371985706314335,197.9932677799839,-0.2941883524941369,-1.0863542702609648,-0.7228516862260809,-3.420164239306454,2.8731684906669215,-6.693917670892429,-7.267104751972562,8.371985706314335,2.5827589785940432,0.6552476141031283
625,Zakharov Function,0.9744402072802464,2500,2500,0.6202676131519556,0.9744402072802464,0.0517544966343568,-0.06135864271091792,-0.3161972021974596,0.06807486116049935,0.6202676131519556,0.029368331456478408,0.3794338046709802,-0.23777628726820066,-0.3669681987120254,0.07184705150184542
626,Zakharov Function,0.006372927703596778,2500,2500,0.05638639681718512,0.006372927703596778,0.05638639681718512,-0.004457244216168856,0.02592062298939045,-0.009154826872938424,0.0026647350804517612,0.02246184691221526,0.010410125144045733,-0.02988299670903996,0.0013514160593665406,-0.013623299851507068
627,Zakharov Function,4.322783086443607,2500,2500,1.3062019295859855,4.322783086443607,0.5383136339411063,-1.1017742411589115,0.0011388300246619465,0.569690177065906,0.36108710057914756,0.4559227507090553,-0.11025122750020433,0.6024373463710897,-1.3062019295859855,0.26713644519996277
628,Zakharov Function,1.32590868225254,2500,2500,0.7403715230408049,1.32590868225254,-0.3841057262915064,0.286766422416186,-0.05214273458455215,-0.20508434677755266,-0.7403715230408049,0.4848586449165384,-0.11245150493836942,-0.21049815424915863,-0.023533271551293006,0.4469868735542999
629,Zakharov Function,0.2851664128948232,2500,2500,0.25805281130030117,0.2851664128948232,0.24304131229939008,0.03360614560936473,0.1841347977092484,-0.1547138221607927,-0.1774039713941011,-0.06353051923975803,-0.04586344855605669,-0.23046870377220563,0.25805281130030117,0.09330528711059241
630,Zakharov Function,0.262602334466371,2500,2500,0.31969273815528854,0.262602334466371,0.13430951129882074,0.31969273815528854,-0.11433741554746768,0.18460226002552638,-0.12116194876960998,0.07934778510768235,-0.008044112861919805,0.17037084430369331,-0.20617647314336462,-0.05066606598578116
631,Zakharov Function,32.02335079946783,2500,2500,3.4418642738235636,32.02335079946783,-1.108897615112447,-1.5434756095091329,0.4320481308639903,3.4418642738235636,-0.5889477960949483,0.4788195024502391,-0.032995001651759864,-1.444118622206712,2.821137567165147,-2.3593810465505225
632,Zakharov Function,0.0013532657436285459,2500,2500,0.01969685300044847,0.0013532657436285459,-0.0050448529143673725,-0.01468878384391783,0.0029327140147342654,-0.014586490539723489,0.0004366851467445948,-0.01564857195083428,0.01969685300044847,0.0015074002407861856,-0.004160122654218776,0.008846385847177738
633,Zakharov Function,0.30274766052104507,2500,2500,0.4419282457234334,0.30274766052104507,0.06781344463460215,-0.03576242983670287,-0.08392273116207775,0.07009508268814219,-0.06922879267962952,-0.4419282457234334,0.190178019530099,0.2081176137441075,-0.013284602179679764,0.02318989512800082
634,Zakharov Function,12.652054066604881,2500,2500,2.0661950502188358,12.652054066604881,-0.7990168156563807,-1.0210656878704998,0.6881529849619828,0.12226119158561422,1.3610423297333873,-2.0661950502188358,0.9421481886992409,-0.4356447147297542,1.3004654650745513,-0.7331629651665141
635,Zakharov Function,0.00911292363543714,2500,2500,0.04299151426267874,0.00911292363543714,-0.042679932557639036,0.0043067436484444735,-0.028748810522697357,0.020089446904197936,0.03497113476163499,-1.7122141724022766e-05,0.025488754418737297,-0.04299151426267874,0.03436895563925453,-0.022897290830251636
636,Zakharov Function,0.006693529604436246,2500,2500,0.05307071384144696,0.006693529604436246,-0.002477322536657948,-0.040068144155774525,-0.018206933957205747,-0.0033606724154694838,0.02287100391866145,0.05307071384144696,0.007855154368616522,-0.035656392805219185,-0.00019695319664770727,-0.0035377552986715077
637,Zakharov Function,0.00660740743973002,2500,2500,0.053039701560582325,0.00660740743973002,-0.053039701560582325,0.004370115661702541,0.011324917734829049,-0.03264056914902488,-0.012354678278867628,0.012168380577014273,0.002637301591213302,-0.01566198400604367,0.03148738768993063,0.0017377024662671506
638,Zakharov Function,2.5346255720863966,2500,2500,0.9210534871445919,2.5346255720863966,0.4239238279566049,0.2735374478054018,0.08429625612595526,-0.2088785617928306,0.3967767245621483,-0.9210534871445919,0.19992164729996817,0.061423979317296956,-0.17441765820591917,0.11873829585577803
639,Zakharov Function,14.71737898985031,2500,2500,2.7289735552934906,14.71737898985031,0.15767825551886488,-0.42584792000896154,-0.6784087464007031,2.005486405618896,-0.47075524392196166,1.1176494850835819,-2.7289735552934906,-0.36671880975697413,0.8893789208595995,0.41877001827355465
640,Zakharov Function,9.455078778462944e-05,2500,2500,0.007677743159139695,9.455078778462944e-05,-0.0011663077287434069,-0.0011818459537747414,0.007677743159139695,-0.0017704673149939556,-0.003276009099815109,-0.0024862172311686977,0.003053679778605577,-0.0003247883535427707,0.0008683283083497956,-0.00046178678351999156
641,Zakharov Function,0.0010575045542676874,2500,2500,0.021287566385311363,0.0010575045542676874,0.012645344849654228,-0.00944753887398413,-0.013356155178179764,0.002064315166682179,0.008684862561074227,0.0061423214530267126,-0.021287566385311363,0.003695271597746236,0.0012293032881883076,0.0066475902373992445
642,Zakharov Function,45.32322028911052,2500,2500,3.9942025768936134,45.32322028911052,-0.7954700580510787,-1.937157246438475,3.9942025768936134,-2.6438826055211546,0.9191475684854691,-0.5205457960820172,-1.475594592743278,3.594203693089521,-0.5000805733827248,-1.2337181188822401
643,Zakharov Function,0.27589947690005656,2500,2500,0.2739901474882135,0.27589947690005656,-0.05198305792240079,0.2739901474882135,-0.14679447632196807,0.1164437511123409,0.02320951973394695,0.19793090291168297,-0.06917369344750979,-0.08778218921098258,-0.16375526597974,0.1334475084218002
644,Zakharov Function,0.0007575768665923733,2500,2500,0.010880880049531659,0.0007575768665923733,-0.010880880049531659,0.01041460895484702,0.008301800866617774,0.009584391401680197,0.006393436378440589,0.005116223433871434,-0.00915009284770557,-0.004055683726360814,0.007695716515017565,-0.009369464038097353
645,Zakharov Function,58.20663712767202,2500,2500,5.356393388843628,58.20663712767202,1.4851594086448396,-2.5618232881890854,5.356393388843628,-2.1323008793691534,-1.7902769665901455,2.2678835731737372,0.7943072129460971,1.104287498426039,-1.8854175656779744,-0.38898194797367314
646,Zakharov Function,33.57488521656483,2500,2500,2.886280168861835,33.57488521656483,1.0655994235756374,2.32457142045887,-1.8569642213398665,1.6164799583453036,-0.016101014421023185,-2.886280168861835,1.099798858677886,2.020498881329539,-2.4790987769889865,0.7962693518548281
647,Zakharov Function,70.27579395292953,2500,2500,5.190334047111991,70.27579395292953,-0.697915542911198,0.15623660118102323,-3.844663864327142,5.190334047111991,-0.8377492172450214,1.6135324439076115,-4.035268146450691,1.8652445876642414,-1.6324729676257475,1.451562433994796
648,Zakharov Function,0.12606495182765284,2500,2500,0.23060816296538034,0.12606495182765284,-0.06555108220903734,0.09097379599246308,0.23060816296538034,-0.07263578984935333,-0.08018737632714196,0.15842368555350894,0.06419458498291294,-0.06759195718720591,-0.09903834459144445,0.005619480417215494
649,Zakharov Function,119.2235340428571,2500,2500,6.679668736135465,119.2235340428571,-3.2847976138694235,-1.1322940126119332,-2.3161994773040995,-0.016710379509200346,0.8841727213114323,-6.679668736135465,6.627578756275684,2.9771521593051644,-0.7825307170906823,-1.3252602181562976
650,Zakharov Function,87.84890372477173,2500,2500,5.645451402462184,87.84890372477173,-0.2847582494527986,-2.8428368180036823,-2.8132369372641635,-4.178962563173007,5.645451402462184,-2.7608290952663124,2.6563344971278475,-1.5719028743141314,1.838338027270852,-0.11360549655526353
651,Zakharov Function,15.592429410710974,2500,2500,3.0445601155281157,15.592429410710974,0.28753973566467733,-1.1203499370533483,0.6121797858203896,0.348448476445079,-1.0730654133860567,-0.7931864637003525,3.0445601155281157,-0.5488829823701143,-1.4104075631794506,0.36593564126306655
652,Zakharov Function,7.616594499029279,2500,2500,1.4654155760020942,7.616594499029279,0.17795480389098953,-0.0609098418001989,-1.3953350141066792,-1.3692317803249798,0.5854791445000778,1.4654155760020942,0.4976135958115123,-0.7217569808554684,0.5330477189149179,-0.46507985988450434
653,Zakharov Function,2.0823095390112925,2500,2500,0.9747633763929717,2.0823095390112925,0.04713637113856871,0.14123588471955928,0.9747633763929717,-0.824541731030672,-0.08910519912183248,-0.06557719579917859,-0.3579836918562069,0.37564917601007697,0.21793140928393678,-0.09974729977871971
654,Zakharov Function,26.614136768621766,2500,2500,4.069298186301916,26.614136768621766,0.42126151307359805,-1.6018707300513513,-2.2679903555698484,4.069298186301916,0.358647900677092,-0.6923876157988541,0.02149939753844852,0.1351252183079205,0.09347860945861591,-0.7918752262280604
655,Zakharov Function,0.02069984270425216,2500,2500,0.09024563779285666,0.02069984270425216,6.4389438662040485e-06,0.015175666373186032,-0.006450198261789799,-0.01639452432213477,-0.09024563779285666,0.005172102380379767,-0.01779874825303611,-0.05895072466228751,0.08101761325755577,0.03728985394761303
656,Zakharov Function,0.19573455123159603,2500,2500,0.3412550053546761,0.19573455123159603,0.04548454560152003,0.0807258652137327,-0.06938722681139317,0.05620843412124524,-0.15514878129872972,0.3412550053546761,0.006617794266110619,-0.13317803082617685,-0.003970792836967959,-0.015629978300771646
657,Zakharov Function,0.00872297103089731,2500,2500,0.06395218178078531,0.00872297103089731,-0.009222845108933932,-0.018577367159666014,0.0026069632780873677,0.002449313630416436,-0.06395218178078531,-0.0019264407812722862,-0.024780409485092164,0.0539728446790323,0.022775298870966822,-0.008714249100805538
658,Zakharov Function,6.115326350384196,2500,2500,1.649727198280799,6.115326350384196,0.5670138697034893,-0.29570485518110384,-0.9444605147058593,1.649727198280799,0.0786861897677299,0.15235293245322235,-1.2295672850426957,0.17787996749351076,0.2960301947598404,0.06089481919669186
659,Zakharov Function,0.003173572572801469,2500,2500,0.03969565885114426,0.003173572572801469,0.003978610678213637,-0.03969565885114426,0.02418190357247761,0.02623804230509704,-0.003811626841486355,0.004378569076985771,0.004357372302420881,-0.002871590976942175,0.0033038349736993137,-0.015173938009613188
660,Zakharov Function,3.7226554225014206,2500,2500,1.3275020444947678,3.7226554225014206,0.07721786993636348,0.31076563022183995,-0.09097326725886805,0.31892505593182063,-1.3275020444947678,1.2110706453359974,-0.20971817498106077,-0.25790609854111246,-0.23656131795811153,0.30308480012215044
661,Zakharov Function,0.002590364726077557,2500,2500,0.035275955109548986,0.002590364726077557,-0.017777240059930255,-0.005296108343305261,-0.012528210809458852,-0.035275955109548986,-0.00227835152449906,-0.012155610913786412,0.005238517613021361,0.02431341674899773,0.0003162560065202262,0.006781297528567002
662,Zakharov Function,0.8153574029779932,2500,2500,0.5902371931185115,0.8153574029779932,-0.13189739989535285,-0.28698200744052493,-0.08370843237967163,-0.34138942640708814,-0.003321507719789618,-0.18139846602530918,0.5902371931185115,-0.09833724169096092,0.054838190194613806,0.04091147147784463
663,Zakharov Function,0.03399370678717997,2500,2500,0.11360672781922565,0.03399370678717997,-0.06524509034462894,0.08157113499119967,-0.015128122597863433,-0.009470980495721905,0.11360672781922565,-0.007644979958303495,0.060383909908613004,-0.053455006334208646,-0.0047318248651561645,-0.05315655641701797
664,Zakharov Function,11.23905575144617,2500,2500,1.7553869038126844,11.23905575144617,0.6351099662406801,0.319357493495108,1.3958774614337741,0.577134185570177,0.2832409356019878,-1.4300100164522669,-1.06916395916484,1.7553869038126844,-0.6049751175270446,-0.3578531507362135
665,Zakharov Function,0.8642490031216313,2500,2500,0.5368633700273375,0.8642490031216313,0.1775804132806961,0.02965626194889417,-0.0450882259050063,0.4243531240289698,-0.2850949906383754,-0.5073641880555396,-0.05006101305630414,0.5368633700273375,0.011847721655930864,-0.14114102159077427
666,Zakharov Function,86.8573526291748,2500,2500,7.629142149153692,86.8573526291748,-1.5029493767878013,-1.0141115635777054,-1.9905768483598383,-1.7624494264571393,1.5370526408306315,1.0297066569043156,7.629142149153692,-2.525880330049334,-0.10225437498737638,-2.8591139658158324
667,Zakharov Function,0.19481823283741995,2500,2500,0.3086328332443227,0.19481823283741995,-0.06854046110899616,-0.11666166464083519,0.12794596869912195,-0.3086328332443227,-0.06582971078594835,0.23991936230877775,-0.019961670719486124,0.020247912683424955,-0.026094774967807106,0.018693557554799116
668,Zakharov Function,0.005595617550535042,2500,2500,0.04301515584930842,0.005595617550535042,0.004389333961227751,-0.027410618547183928,-0.005840480625754044,-0.016320868884577962,0.03179933743041049,-0.009635161306073503,0.0021204962572925388,0.001517381306550599,0.04301515584930842,-0.03425950407829077
669,Zakharov Function,0.0004275293878455063,2500,2500,0.01091393825059499,0.0004275293878455063,-0.01091393825059499,-0.003122398026668181,0.0022686876787057645,0.007533281178133384,-0.009691568901657418,0.008433348424669064,0.001883975532847089,-0.0038652342313311664,-0.005496220460110491,0.003996730835704293
670,Zakharov Function,4.6593463826414645,2500,2500,1.6583813039050352,4.6593463826414645,-0.3335560705948344,0.3682969303978656,-1.6583813039050352,0.5912173900049676,0.14076286765565144,-0.30741677390021727,-0.8222880601970819,0.47724738628050123,0.30496824231009323,0.3152299135447846
671,Zakharov Function,7.682304754658484,2500,2500,1.685281610319692,7.682304754658484,-0.07376540426523837,-0.2384655464521418,1.1362599327615936,-0.49114473648597745,-1.685281610319692,1.2380568237017953,1.0946343695523526,-0.11017378194730987,-0.6987130615784316,-0.013722632779276545
672,Zakharov Function,0.03871708389856248,2500,2500,0.09292022451414014,0.03871708389856248,0.04888181961542263,0.03192640572985288,-0.01551653484140228,0.013825565958660711,0.09292022451414014,0.07377239793832259,0.0745936926105267,-0.06085589762858347,-0.014457988067026854,-0.07921675969277205
673,Zakharov Function,4.770320139555265,2500,2500,1.7941428393125118,4.770320139555265,0.1128868513243378,-0.15994271362709173,-0.15092598810317176,0.16920095832439835,0.0964992729169126,-1.0533938099035558,1.7941428393125118,-0.41414891181296465,-0.1247567389885765,-0.16213118697707282
674,Zakharov Function,0.1221885728417708,2500,2500,0.27201345088188855,0.1221885728417708,0.04459527921736121,0.07488259865479159,0.05434847384740242,-0.03105538133516894,-0.12423121980652124,-0.0967881330280482,0.27201345088188855,-0.10396929298894621,-0.02526196158590282,0.008576501430502169
675,Zakharov Function,0.0148724571731565,2500,2500,0.05932708064764758,0.0148724571731565,0.025878230456554824,0.05035580299264658,0.05796572462264867,-0.015551047266834678,-0.007608635093520923,-0.01728570838293686,0.02587252653898907,-0.05932708064764758,0.05271621226063494,-0.026763786616117176
676,Zakharov Function,5.308829813673359,2500,2500,1.6517733245241741,5.308829813673359,-0.45150535678076065,-0.609805786404821,0.5851759538597937,0.08554946206212097,1.0745246250777836,-1.6517733245241741,-0.2406262833207889,0.11712002915136868,0.030682999704479554,0.3602224534843391
677,Zakharov Function,10.573404815446112,2500,2500,1.9730627755852206,10.573404815446112,-0.6054272506010538,0.34217497641324235,0.05427659401009547,1.154159443475633,0.5581428844711276,-1.5113637339709567,1.9730627755852206,-0.2610789229020928,-0.43695962895444973,-0.4436880016163903
678,Zakharov Function,0.004161221468120258,2500,2500,0.03843387271485682,0.004161221468120258,-0.00461306153557129,-0.009369334247032443,-0.013601663980639632,0.03843387271485682,0.031209709178210858,-0.009663625275567675,0.01430326854798392,0.0065697879705599906,-0.004366767521334716,-0.02628239841280517
679,Zakharov Function,4.150065420191722,2500,2500,1.4938384892499115,4.150065420191722,0.24872161110681698,1.4938384892499115,0.2300067099008365,-0.6616081561520778,-0.7034641343760623,-0.4122057606962026,0.46684527896670713,0.24392508612656538,-0.49805234276545746,0.41239632265912735
680,Zakharov Function,36.89960353068334,2500,2500,3.666105367825338,36.89960353068334,-3.666105367825338,0.7107490490479562,-2.1750494242552185,0.7900383103591467,2.707962620197684,2.237313462981809,0.1641960489451082,-1.4298284078183707,0.5695811497845982,-1.6710935863876915
681,Zakharov Function,1.6137487287850818,2500,2500,0.6238876201974719,1.6137487287850818,-0.352437487676975,-0.4636702821541532,0.0008330354605490323,0.2083895041864806,0.48401337749032236,-0.4970775443994955,0.6238876201974719,0.3216159782888024,-0.14302061539120267,-0.48019415341462507
682,Zakharov Function,11.323296873132282,2500,2500,1.745031466630414,11.323296873132282,-0.00642687201995934,0.37370122396201133,0.48583532829975196,-1.6117804984853952,-1.3294028780978173,0.019300070255573787,1.745031466630414,1.4116722859030522,-1.1695525243652378,-0.14645825153748343
683,Zakharov Function,0.7309628606514833,2500,2500,0.45424439795981947,0.7309628606514833,0.1592459939534056,-0.10260151292653044,-0.05890250326506197,0.04550136486027183,-0.3999454113749987,-0.43474452790530327,0.3456752238640352,0.45424439795981947,-0.020701271336696365,-0.11844754675844987
684,Zakharov Function,1.3417612613690812,2500,2500,0.6234548797551793,1.3417612613690812,-0.11085291860561103,0.33252506234255175,0.27601958310810815,-0.2933370241498841,-0.6234548797551793,0.5770519497241866,0.19722443976916038,0.1967993860438894,-0.46969609020369896,0.10367755657665848
685,Zakharov Function,26.262391301780877,2500,2500,2.9905067568608104,26.262391301780877,2.6149688498185464,1.826163720184762,-0.36028365641983456,0.6620381704542689,-2.9905067568608104,-1.4763175433012075,-1.1359384558207075,0.9920796816550784,1.4235624635426438,0.30978450565373883
686,Zakharov Function,1.9293856805999732,2500,2500,0.8994622370788328,1.9293856805999732,-0.035953247004804206,0.16129312511517155,-0.8994622370788328,0.7300129696393755,0.059219578678414375,-0.675964817586319,-0.04795414918266791,0.24239867593255318,0.09723098359369564,0.04473628224397168
687,Zakharov Function,7.901544971824148,2500,2500,2.383169496497419,7.901544971824148,-0.40975257933066167,-0.6161165617852213,-0.14353579505358105,0.30223853861994177,-0.8836639489530094,2.383169496497419,-0.6230331665515918,-0.09189210921717439,0.03809553396046239,-0.33178273963390764
688,Zakharov Function,0.003891173395310499,2500,2500,0.03074245162832178,0.003891173395310499,0.006514478198265776,-0.014612747108602848,-0.017947433302453852,0.018162172351522333,-0.0033946539332733536,0.015619755169341023,0.009520763461293269,-0.03074245162832178,-0.020610618567947693,0.02392501248711626
689,Zakharov Function,0.14319858837001517,2500,2500,0.18809550878329914,0.14319858837001517,-0.027401118839516063,-0.10426694979971754,-0.02940662037328562,0.030353780988957538,-0.1638158947288373,0.1501325415645034,0.18809550878329914,-0.0901808257941403,0.09511878038013297,-0.10773478071165446
690,Zakharov Function,5.975878529107238e-06,2500,2500,0.0011004749928018626,5.975878529107238e-06,8.063625440284962e-05,0.00036882268979927704,-0.0007677271147687578,-0.0008724022944787348,0.0011004749928018626,-0.0009418504022825544,0.000993458466309022,-0.0008408890155534029,0.0007942535778597082,-0.00023718136338228131
691,Zakharov Function,0.06634837282728329,2500,2500,0.15210209214450165,0.06634837282728329,0.15210209214450165,0.04629948496488854,0.056040175032236045,-0.031749140170363344,0.017781260033941634,-0.12031740412820448,0.10453345645891447,-0.07570411449541592,0.036707731025342305,0.001880443485747972
692,Zakharov Function,9.047033769320983,2500,2500,1.667829292184679,9.047033769320983,-0.28724715545660895,-0.445929207872084,-0.7432351222641177,0.7877971185577564,1.667829292184679,0.1561416738294737,0.09064486730553845,-1.07858436069272,1.3347365847291917,-1.1914657599412437
693,Zakharov Function,0.3665058394980447,2500,2500,0.33555410680939957,0.3665058394980447,-0.07268054197707756,0.1742855541678761,-0.16933333494333053,0.019916128636945196,0.33555410680939957,0.06320984503571181,-0.32927563819698225,-0.18306011888586715,0.20743460112408757,0.0027267486551065118
694,Zakharov Function,0.011481331559811138,2500,2500,0.05817217034469296,0.011481331559811138,0.045449655639276144,0.017892467741289095,0.033516078834205584,0.04645065310627336,-0.05817217034469296,0.02405221704580228,-0.03194831238530022,-0.02443882753615764,0.012086389826941588,0.009247595341289213
695,Zakharov Function,0.024716108389603624,2500,2500,0.10605334226674892,0.024716108389603624,-0.011274727697450363,-0.0569986537017749,-0.03703232687281466,0.0475776108483367,0.005717136503575968,-0.03542261919523524,0.10605334226674892,-0.026673990782969417,-0.018774595072046443,-0.00021014721815282994
696,Zakharov Function,4.8004548381378465,2500,2500,1.1880788839701169,4.8004548381378465,1.1880788839701169,-0.942178029053307,0.5726119485452767,0.6403471141623993,-0.6508298204881746,0.743348772022767,-0.6238777718728474,0.10616068868599171,-0.04866938981751723,-0.18797534514212855
697,Zakharov Function,5.608989146698789,2500,2500,1.618041281320914,5.608989146698789,0.12479755710229382,-0.116569275987285,0.9665501997881216,-1.618041281320914,-0.3297509791790725,-0.5745977965444978,1.1041584213442548,-0.2186117760936866,0.17116478273052985,0.02850591368425952
698,Zakharov Function,2.1001294258413132,2500,2500,1.0109464286119347,2.1001294258413132,-0.10583352533233392,0.2720686122210799,-0.43590002959947627,-0.18233234583201838,0.1996713868769427,-0.5743081952518201,0.05150428403517149,-0.09516177996015521,-0.6223220197915127,1.0109464286119347
699,Zakharov Function,0.14579505486473487,2500,2500,0.23829757847987718,0.14579505486473487,0.02687706798623055,-0.15001924651827353,-0.146209676108349,-0.0543555827994962,0.03314274381319771,-0.07553045740144598,-0.08324522838603557,0.23829757847987718,0.05602945021949947,-0.08699311513325367
700,Zakharov Function,5.3386616176678094,5000,5000,1.153942269998086,5.3386616176678094,-0.5290665727466033,-0.3724426309624017,-0.08164363759090748,1.0527389738677968,-0.669474329448934,1.153942269998086,1.0803039132357426,-0.20688648592464212,-0.6333318959156718,-0.6040776955859426
701,Zakharov Function,1.2970499257378931,5000,5000,0.7565134101735058,1.2970499257378931,-0.2274294521343344,0.2436535305332167,0.4504519354873247,-0.02072999302744194,-0.44544342972665796,0.7565134101735058,0.010986663746641201,-0.3149462146522674,-0.1954952754273709,0.08636946990330667
702,Zakharov Function,117.16654398648106,5000,5000,8.906174899797804,117.16654398648106,0.5592125856936566,-1.8380865931452037,8.906174899797804,-1.752788178827937,-4.991066808532084,0.03639356267327688,0.9820579286071378,0.27989762952904684,-1.5900442903627923,1.4539778219645159
703,Zakharov Function,1.5423042618672853,5000,5000,0.6435104753982159,1.5423042618672853,-0.6435104753982159,-0.34770242094534565,-0.10469695655335731,0.19984542179798623,-0.4398046852461994,-0.6258911546660164,-0.16194843729462682,0.001843684801575346,0.44000570983283493,0.38308446120113615
704,Zakharov Function,27.00539941076995,5000,5000,2.7577877936808086,27.00539941076995,-0.7186030236776916,1.1336120984298506,0.04335099180989328,-1.3434592709009063,2.1328060758615797,-1.8261068102512312,-2.7577877936808086,2.6477291333154103,0.5917489600413424,-0.42807681074416615
705,Zakharov Function,0.18051063584623342,5000,5000,0.287589530822251,0.18051063584623342,-0.09830584012833679,0.044737533785271844,-0.01521295741930695,0.12348288320577644,-0.10302136332480222,-0.287589530822251,0.01982231172424282,0.13055886732252064,-0.05442232671319522,0.07443632449752527
706,Zakharov Function,0.0028677610859538247,5000,5000,0.03028349156109439,0.0028677610859538247,-0.02118056247486392,-0.003866771242088951,0.03028349156109439,0.0238068286898445,0.010369604078978082,-0.012836793308109391,-0.01793931577685278,-0.008772913969790859,-0.002711599300712901,0.005942976722974562
707,Zakharov Function,39.37954075020745,5000,5000,3.70287726088314,39.37954075020745,-0.3145738871095001,3.70287726088314,-2.4045414916871852,-0.35219399905746385,-0.38385717683321385,-0.26198321978025907,-0.5174980674520365,0.5867051199507355,-2.7529993013867804,3.0675495345131583
708,Zakharov Function,5.791323695078401,5000,5000,1.3904726475831994,5.791323695078401,-1.0359545177884417,-1.0365144428468396,-1.3904726475831994,-0.4960907569246824,0.343845528144348,0.23044003625324738,1.0289696493595937,-0.39301504304968016,0.23174424160933027,0.033018814233891566
709,Zakharov Function,0.05763616014127258,5000,5000,0.1511846247127749,0.05763616014127258,-0.020034742854242005,0.1511846247127749,0.005072098620042043,0.020587883475690835,-0.08048710928494274,-0.01622357825776001,-0.02055001678594307,-0.09243463089319429,0.08288172285606046,0.04495642786450692
710,Zakharov Function,30.016777503933696,5000,5000,3.0010246633766045,30.016777503933696,-1.0814524376666614,3.0010246633766045,-1.3118618518162704,0.37977353677057235,2.9334928956425568,1.3425056427945479,-2.38526902065149,-0.33855838275696115,-0.6385794874755772,-0.18111358206624642
711,Zakharov Function,0.0011611883109477555,5000,5000,0.0195275804582833,0.0011611883109477555,0.005825397170777841,-0.008842753712412724,0.008082896408671193,0.0195275804582833,-0.0041600322919289195,0.00773342358552853,-0.01567528237518443,0.006181179078982513,-0.0016441834113617715,-0.006869605897226945
712,Zakharov Function,0.0321673576854329,5000,5000,0.10947407345889967,0.0321673576854329,0.03297068537940649,0.10947407345889967,-0.028147821958756467,0.007141771598544949,-0.10350841616643014,0.02011831222247596,-0.024140377843598758,0.015215735845257441,0.019863803750594933,0.02165982589861211
713,Zakharov Function,0.14096193676045715,5000,5000,0.22292984915066377,0.14096193676045715,-0.05812898563139103,0.19101928451391353,-0.0175358841311887,0.05613911735792673,0.056920258594217454,0.22292984915066377,-0.029265048662422175,-0.16929754022092552,-0.0975162377362046,0.0172641417314553
714,Zakharov Function,116.46534071029212,5000,5000,8.60171323191741,116.46534071029212,1.4206999341985318,1.6122358842587627,4.237475942835694,2.261861169075017,-8.60171323191741,1.241373311015157,3.2550578635940512,-0.8039723975731674,0.06293619905632747,-0.9400113071306029
715,Zakharov Function,7.7443544121995584,5000,5000,1.6470949606805516,7.7443544121995584,-0.16501648864890575,-1.228479317353605,0.6372109923322111,-0.8446504651528755,1.0445287004772412,-0.3827690189107237,1.6470949606805516,-0.8267358388090984,-0.4187386273883509,-0.0925569398749153
716,Zakharov Function,0.1978912039683312,5000,5000,0.27366298909063175,0.1978912039683312,-0.10814058112658378,-0.032450999936178275,-0.009288687162659369,-0.015352280307801239,0.27366298909063175,0.042844939857715036,-0.002000575684066752,-0.09943919825246275,-0.15677326541860662,0.13194378976914795
717,Zakharov Function,0.4665475093670413,5000,5000,0.2950948244478476,0.4665475093670413,-0.28437134077028536,-0.22832608361998732,0.24153629170907537,-0.07705071177372891,-0.26051074149046555,0.18466568075577988,-0.041605278073334834,-0.23070398404376352,0.2950948244478476,0.030842671365152247
718,Zakharov Function,0.5906217104390301,5000,5000,0.4519307594422822,0.5906217104390301,-0.1659348303385546,0.17715762852524225,0.10946995313298298,0.08295031401693528,-0.18971451442495912,-0.45052150192292184,0.4519307594422822,0.17405955822600733,-0.19831350146641497,0.0032323929460172443
719,Zakharov Function,0.9651626281570533,5000,5000,0.6447433792482631,0.9651626281570533,0.12994203910209498,0.007954642097162956,-0.3279547232499852,-0.24040018056670304,-0.038710498792928996,0.6447433792482631,0.25009444076146803,-0.4890871946684634,-0.07783164580440619,0.052975464246048876
720,Zakharov Function,0.483135748208167,5000,5000,0.33843180865531797,0.483135748208167,-0.272619191663624,0.015796014015939663,0.2078997484686831,0.00581594422790821,-0.1694379723800118,0.02512150734458378,0.20757195105631535,-0.29188700705517223,-0.27493875554044056,0.33843180865531797
721,Zakharov Function,0.5197650091276381,5000,5000,0.3347789592814676,0.5197650091276381,-0.18203236675488135,-0.3347789592814676,-0.05789573020131644,0.24908896357868193,0.24164246151784785,-0.17499426994633693,-0.17954331271189555,-0.2876959603720485,0.3066354831335618,0.08050902439743901
722,Zakharov Function,73.55263896626329,5000,5000,6.357808709236677,73.55263896626329,1.1346254108923448,-0.6584078932556844,1.294338511286346,-0.3411816733466451,-0.7122092028474971,6.357808709236677,0.39627549764338,-4.425878880025842,-2.1437972410278854,1.6968105362180326
723,Zakharov Function,0.01162290838468509,5000,5000,0.07527271824648576,0.01162290838468509,0.0029053104536784224,0.005394685625239326,-0.026616362966768153,0.03751290216631038,-0.04011422165927521,-0.03478668802755379,0.07527271824648576,-0.02282072620452705,-0.014427538447977627,0.008365834332448138
724,Zakharov Function,6.376260547286757,5000,5000,1.596025356941009,6.376260547286757,-0.021050313531185916,0.3418985414066953,-1.596025356941009,1.0510540018059984,0.409293369258674,-1.1302750756997575,0.7417269915040108,0.5920086787257622,-0.5029038656216099,-0.06104377843071276
725,Zakharov Function,0.0013121868918002924,5000,5000,0.011018764908006642,0.0013121868918002924,0.0038063809135999572,0.002147313591867029,-0.010445599653615885,0.01100106815405463,-0.0016015490128405314,-0.011018764908006642,0.0070013149102859905,0.005149754806503372,-0.008497205771587735,0.00927147483302648
726,Zakharov Function,0.018610413465508308,5000,5000,0.08199538727104169,0.018610413465508308,0.024535868812993945,-0.03979773820643785,-0.007992098097902228,-0.02704172091330524,0.0634452110699602,-0.08199538727104169,0.06846119972413621,0.005300357740039353,-0.008242377471199897,-0.009251899895606337
727,Zakharov Function,4.283980271699357,5000,5000,1.3006903820431408,4.283980271699357,-1.3006903820431408,0.21100402245549832,-0.6330690900311492,0.3155639530314106,-0.7359680940423605,1.0805519370295342,0.36723299232029283,0.09302103735374936,-0.1633047890256193,-0.2514775340372357
728,Zakharov Function,3.8445673405782106,5000,5000,1.092659645748788,3.8445673405782106,0.11425461144522148,0.7289716081201882,-0.2585437461748721,-0.32276873801726047,0.05986663133679798,-0.37169131985090276,-0.500944930318214,-0.30162467360088174,-0.474752213085212,1.092659645748788
729,Zakharov Function,298.85374283703527,5000,5000,12.902104838781026,298.85374283703527,1.1057554344492813,5.378435392562407,-1.4628136131189229,3.4335009613773035,-12.902104838781026,-0.7305235125255957,-0.2707414164708395,-3.629234288506929,8.612026314140438,0.211663167747826
730,Zakharov Function,0.00024211578466592224,5000,5000,0.011453285685640576,0.00024211578466592224,-0.001396189102283286,-0.0012871195001354363,0.005778237483687113,-0.003446312719760758,-0.011453285685640576,0.0009819808685085426,0.004798842716427909,0.005320400592852025,0.0006606812432986713,-0.002775414142027855
731,Zakharov Function,1.8645690144791,5000,5000,0.9089052031975239,1.8645690144791,-0.43360198147383366,0.14211035114216225,0.3326885627279077,0.23466765683004687,0.036406433719059494,-0.6455187967059152,0.06459490482147216,0.9089052031975239,-0.4650266097323148,-0.15339234010555397
732,Zakharov Function,0.001253203770070064,5000,5000,0.025253045845652626,0.001253203770070064,0.014316870874731982,-0.002529111770521667,0.009171256384149087,-0.025253045845652626,0.005075555094909324,0.005659427352837138,-0.005280227237232725,0.013177468343661639,-0.0052579153332373615,-0.0004774662187581012
733,Zakharov Function,0.024015962005544594,5000,5000,0.08462966794592908,0.024015962005544594,0.014811054580964753,-0.05759690089733545,0.034430466966664686,0.022017672418402127,-0.08462966794592908,0.061369600016408385,-0.04640157393490435,-0.02639588425069586,0.007519269836519134,0.052609703852250334
734,Zakharov Function,61.502859393927885,5000,5000,6.4921169007693535,61.502859393927885,-1.183442996968275,0.516192759077712,-1.5916783346698142,0.027727614270268486,0.6158410261476337,1.3685846156410832,-6.4921169007693535,2.8800753936013406,1.5564017568493824,-0.013830043043950635
735,Zakharov Function,0.18432871147916807,5000,5000,0.333694020326726,0.18432871147916807,0.01018154349055831,-0.03347525957900308,-0.08610041895783985,-0.0037366019824164494,0.333694020326726,-0.018601143725830598,-0.17728242827513369,0.03842146130209467,0.11435839787371199,-0.12045837449922417
736,Zakharov Function,0.07944242631344176,5000,5000,0.17070616133638453,0.07944242631344176,0.016500138263499144,0.03218054640353289,-0.08522521476620092,0.10704779449938659,-0.05328192457153177,-0.17070616133638453,0.11477370812302923,0.08700012224172687,0.011674090364344275,-0.04303950668544641
737,Zakharov Function,8.806060632881822,5000,5000,1.508124309146134,8.806060632881822,0.45819886679059874,-0.20749896240443083,1.309343514789743,-1.251697899592719,1.508124309146134,-0.2765907579753074,-0.2530263281107029,-1.4941149356004024,0.3669138597314975,0.6197733170290418
738,Zakharov Function,0.8927320126337911,5000,5000,0.5354103887640469,0.8927320126337911,0.04110020481017418,0.22637460513692587,0.18470535057733528,0.38038919687191397,-0.5354103887640469,-0.3660335144766903,-0.13422854179454785,-0.057379323580587144,0.4650257908470462,-0.04187708131502646
739,Zakharov Function,0.03716008148484226,5000,5000,0.08787132298073841,0.03716008148484226,0.056068063554134434,-0.06785155808283365,0.01950378010279926,0.08787132298073841,-0.0137582863547157,-0.005638593065170384,-0.059644201431258606,0.016097699865935865,0.001032751628204192,-0.020578535297407368
740,Zakharov Function,0.0031873361947237304,5000,5000,0.03502256028296649,0.0031873361947237304,0.001202963741042594,-0.010798799047985318,0.01993812373018199,0.013460090326669595,-0.007420689765118394,0.022441648108716288,-0.03502256028296649,0.020929802920298664,-0.015781736920984252,0.002159625079224506
741,Zakharov Function,2.036291248672775e-05,5000,5000,0.002338123586410204,2.036291248672775e-05,-0.0010019930679959212,-0.0005771953609810814,0.0006135820579052942,0.0018721887504195888,-0.002338123586410204,-0.001614058753072761,0.0019345189233815775,-0.0008499000772805641,0.0003002713516922883,0.0007548099494102548
742,Zakharov Function,5.427466036193374,5000,5000,1.1792014992564814,5.427466036193374,-0.37362448506017565,-0.2649213905357092,0.16427196546248923,1.1792014992564814,-0.8879697939933624,0.8910662895243637,-1.1389956439399573,0.16972837675830593,0.7648557433804373,-0.5029573862826869
743,Zakharov Function,0.041560395484578606,5000,5000,0.09422711747345762,0.041560395484578606,0.01805092494159845,0.006327890291637948,0.09422711747345762,0.08638362756428078,-0.05526118385835694,-0.060410289928269675,-0.0875299382724661,0.05448412907675601,0.012699734263543167,-0.012670200037088422
744,Zakharov Function,32.502361531589614,5000,5000,3.6575496966810275,32.502361531589614,-1.389193282220512,1.4757765080638872,2.0823543594273413,-2.8732241391749085,-0.811259417024808,-1.099579235653124,3.6575496966810275,-0.240204300624698,-0.3637955197614716,-0.5627112085104808
745,Zakharov Function,0.008038806093373613,5000,5000,0.050793261750616506,0.008038806093373613,0.002719816369717895,-0.0436740790773566,-0.050793261750616506,-0.035086072475151886,0.011458344020801176,-0.03022706842908406,0.012539954799850149,0.012125016867401153,0.024702738253370715,0.005859175063513522
746,Zakharov Function,0.11050473331960566,5000,5000,0.15542800539586882,0.11050473331960566,-0.03314114741816517,-0.12918531055140708,0.15542800539586882,0.04316582949354783,0.09850495051509944,-0.12621548351780665,0.0993698973104023,-0.09315356701069277,-0.015490222453062976,0.03915151759298599
747,Zakharov Function,7.346202526395905,5000,5000,1.8736976358612902,7.346202526395905,0.6420432367118694,0.7547835726276064,-0.020489051046118367,-1.8736976358612902,0.3015925309005323,-0.260383453043659,-0.382540105107381,1.4382561559530702,-0.41751024271467707,-0.05969355309610679
748,Zakharov Function,0.003862484992008759,5000,5000,0.023884726938667368,0.003862484992008759,-0.009707093956979697,0.0030715938537485624,-0.012737325402498903,0.023884726938667368,0.011786704572143874,0.02372300670026241,0.005333650468422491,-0.0060860713513742545,-0.019288020052132232,-0.015144732804711458
749,Zakharov Function,0.00013518123731249472,5000,5000,0.006104255005455163,0.00013518123731249472,-0.00015876482408728066,-0.006104255005455163,0.0003095034247180689,0.004005239716096579,0.0013843464753173806,-0.0033196054386944477,-0.002301655432442661,-0.0005791779568930112,0.0018667027096997595,0.0026848570901084282
750,Zakharov Function,13.392239672240569,5000,5000,2.5477023720708796,13.392239672240569,-1.0246606399965588,1.0877950310377251,-2.5477023720708796,-0.047076186450688284,0.39214791350941564,1.5660239087473191,0.16745606746394912,0.6895664825070115,0.10017457203466257,-1.134119686592176
751,Zakharov Function,26.50027331074431,5000,5000,3.4271568246057136,26.50027331074431,1.4049707164451057,2.472936999190077,1.351458870730045,-0.31820430563287516,-0.1351758827545414,-3.4271568246057136,0.04754678384159619,1.2370826826571535,-1.1393459608957965,1.2969592354548185
752,Zakharov Function,0.010545986278376702,5000,5000,0.06656915102532546,0.010545986278376702,0.035535823861142624,-0.012588722410307826,0.0030681691303602494,-0.006204839708257116,0.06656915102532546,-0.023579608422003587,0.03133508554471977,-0.014672978086907104,0.011519570604185552,-0.030650346319642308
753,Zakharov Function,0.003104139054744911,5000,5000,0.03208754939016211,0.003104139054744911,-0.020210934063270562,-0.0034229377600558004,-0.028684442815942065,-0.004755374226440089,0.03208754939016211,-0.009523977630233871,0.016899274533224255,-0.012947694113425744,-0.008656095078421074,0.010892860460081769
754,Zakharov Function,0.719034695421632,5000,5000,0.49524530232244407,0.719034695421632,-0.14215387835996612,0.10249156024458667,0.40269561849988816,-0.49524530232244407,-0.025713774986250354,-0.2507821692578578,0.21581807435234668,-0.1065839451483902,-0.04631739954821293,0.2666981519779179
755,Zakharov Function,0.13703846011248605,5000,5000,0.15624631843597248,0.13703846011248605,0.06527869325785113,-0.05478488189003841,-0.12370732856424609,-0.14680639325471037,0.043256661061989894,0.031766452013451574,0.07454813247665432,0.04782166538581868,-0.15624631843597248,0.06458581399932671
756,Zakharov Function,0.03550739522460779,5000,5000,0.09325721489954106,0.03550739522460779,0.004316101455005016,-0.0798210596779381,-0.07683142281739963,-0.0011257106806533204,-0.014190485808412076,0.09325721489954106,-0.04965189790026293,-0.0801891897758186,0.01844795240280242,0.06865815237291054
757,Zakharov Function,0.07990986906200165,5000,5000,0.1413693150348344,0.07990986906200165,0.07641667741811714,0.006772346412218376,-0.11821250238922884,-0.11869080649922953,-0.028546199285717375,0.07593028578476038,-0.0786058468993914,0.1413693150348344,0.06765213042453597,-0.06258428421116329
758,Zakharov Function,0.8154518907542185,5000,5000,0.39938141689502626,0.8154518907542185,0.39938141689502626,0.011204413876258784,-0.028811981580912333,-0.19606578444682143,0.2519315479521884,0.1010048262442681,-0.00540431772976796,-0.198033511191464,0.02393396942517817,-0.12089624252442632
759,Zakharov Function,22.15423056850058,5000,5000,3.1529265095369006,22.15423056850058,0.4883813986492195,-2.1643149798700745,1.7617858872838044,-0.5728172246821341,0.7375271024143317,3.1529265095369006,0.000783220941168894,-0.610319565744744,-0.7279737245395017,-1.1900203514846208
760,Zakharov Function,0.08871978886103928,5000,5000,0.19439408017288715,0.08871978886103928,0.020411691639511315,0.19439408017288715,-0.04251140711708045,-0.09432348449239829,-0.0686305129746807,0.08249833434870982,-0.08392710709918531,-0.0335777179563683,0.13364970755596434,-0.04392995976930111
761,Zakharov Function,0.00846184236492168,5000,5000,0.054822577233146236,0.00846184236492168,-0.015777873105854184,0.0009352115364018448,0.054822577233146236,0.012883933825081646,0.02161463743378282,-0.02062066941096964,-0.008758634904741734,0.01115298139189029,0.019097699898549415,-0.04622286547197651
762,Zakharov Function,0.0005343964932637649,5000,5000,0.014146061654594488,0.0005343964932637649,-0.00023787415709645814,-0.009274076314159545,0.00541373478430056,-0.0005154294444694625,-0.000592063427781384,0.00885312899897325,-0.003749667205484978,0.00858529649208516,0.006595246307726588,-0.014146061654594488
763,Zakharov Function,2.5069108136765674,5000,5000,1.2984921759960646,2.5069108136765674,-0.04376635947008202,0.04960903093450905,0.3315671036495983,-1.2984921759960646,0.6629474899233904,-0.17499983832126104,0.37853902817892077,0.01188066014873881,-0.16006837491339662,0.00717617807006591
764,Zakharov Function,0.001043168667352675,5000,5000,0.010881823332260097,0.001043168667352675,-0.004624656248357352,0.009326990446360258,0.006966358256640083,-0.009945105937689453,-0.010881823332260097,-0.0008105693826094724,-0.010661680002708136,-0.0004232586917874016,0.007949484991664087,0.0026600328894538852
765,Zakharov Function,1.0158669415819317,5000,5000,0.9346261410388714,1.0158669415819317,0.0018159736234235058,-0.04715778045221476,0.16012023199415987,0.2579236031302997,-0.9346261410388714,0.03326461601328125,0.06597318660135953,0.13628444292229552,0.0783485377000628,0.09774238027402965
766,Zakharov Function,0.06171091649702648,5000,5000,0.15809066416044676,0.06171091649702648,0.02252803195768656,-0.03194142437996627,0.15809066416044676,-0.04294823293977133,-0.09906483777465006,0.1015604898290684,0.07222259102688258,0.007966749779681887,-0.007527191562830713,-0.08864360066141878
767,Zakharov Function,2.205747838788646,5000,5000,1.079977709734606,2.205747838788646,0.055103037001931865,-0.2898115986623083,0.23547386041332524,0.7190291878699164,0.17657457575082186,0.5052772445874254,-1.079977709734606,-0.1399449639346178,0.24128476183144665,-0.02203948101165519
768,Zakharov Function,1.268778600270844,5000,5000,0.6369158845991816,1.268778600270844,0.4022787359566662,0.1921796158510901,-0.06804874970687452,-0.2782112513593352,0.36442570669965857,0.6369158845991816,0.10463765393082786,-0.27336205995568663,-0.13704117877847,-0.14087475508209457
769,Zakharov Function,5.483975025709588,5000,5000,1.7871329071639614,5.483975025709588,-0.6758050199841575,-0.08461129924058583,-0.4811083751630667,0.0054466529804660935,-0.016055844529551222,-0.3560526155195918,1.7871329071639614,-0.26483469117815195,0.535905905662541,-1.041618850797447
770,Zakharov Function,2.395761550464707,5000,5000,0.9263971895580121,2.395761550464707,-0.4673662860651499,-0.6538500612072493,0.20858271797571226,0.5459562780236329,0.16250379288146533,-0.17656683008288676,0.9263971895580121,-0.10007595475745834,-0.6700253509394214,-0.008170174301082855
771,Zakharov Function,0.0010886362560332914,5000,5000,0.01360051110457126,0.0010886362560332914,-0.004594479976908092,-0.0008419278335419448,-0.005762646693329726,0.005927490688599652,-0.011039136237175083,0.007803773309707778,0.006663556764019078,0.01108222975887524,0.0056104527641512225,-0.01360051110457126
772,Zakharov Function,0.6598075091264238,5000,5000,0.5079587484335237,0.6598075091264238,0.1334927488003303,-0.13373562653603063,0.37299535451882115,-0.268468806167245,-0.13458211363181866,0.5079587484335237,-0.23056926746243062,0.17350429437776863,-0.15498802220580893,-0.03328100726101249
773,Zakharov Function,0.07325888379634982,5000,5000,0.14199865008059523,0.07325888379634982,0.020167146297754637,-0.027078222751318437,-0.002457405725358878,0.14199865008059523,-0.07521006183044163,0.07054040929779087,-0.12496472622859375,-0.006418301107554439,0.020651416951742232,-0.014614481447656105
774,Zakharov Function,0.0024589814536411366,5000,5000,0.025934024397271986,0.0024589814536411366,0.005377337680617288,-0.003945669443842628,0.007590978337972669,-0.014288812300499342,-0.0002159866712449221,0.010813755218037756,-0.022307023786713672,0.010133556060527175,-0.01901143566044918,0.025934024397271986
775,Zakharov Function,0.018633582012230653,5000,5000,0.08273900031712109,0.018633582012230653,-0.00012582255209977328,0.08076810759431012,0.02389907282229582,0.08273900031712109,-0.03704972102819568,0.006340246459224742,-0.012730426207171991,0.008284211897190502,-0.05089627787375198,0.0021417196498355363
776,Zakharov Function,2.3516034483541133,5000,5000,1.0542792613512677,2.3516034483541133,0.2995894781340064,0.2631923406963874,-0.08694842340286041,0.06411110457868574,0.5045907544037426,-0.5182098821887668,-0.02706863686076028,-1.0542792613512677,0.5392935112243709,0.41008333571182287
777,Zakharov Function,0.005620769126115476,5000,5000,0.0316748106372621,0.005620769126115476,0.017032991330924646,0.021659754146005107,-0.0316748106372621,0.026526216693023033,-0.028531507135758475,0.021656887034720157,-0.015547509260152206,-0.017956158014374675,0.027575409057226496,-0.000767770155182341
778,Zakharov Function,0.0049405935551946716,5000,5000,0.04760906264299393,0.0049405935551946716,-0.009150881912610886,0.004364700342464524,-0.008349535964746841,0.0019047877948996244,-0.04760906264299393,-0.034902485862538864,0.016902420836527373,0.012959343871587672,0.017246294631002104,0.012649262292426898
779,Zakharov Function,0.07018539079769334,5000,5000,0.18866942077453935,0.07018539079769334,-0.06665406317986496,0.08556792516494946,0.003696746142702441,0.18866942077453935,-0.04990767321833538,-0.036671364899889064,-0.012985767309491244,-0.01623554167903772,0.05409115220117941,-0.043390159009113805
780,Zakharov Function,2.2173479123109163,5000,5000,1.1125279333070253,2.2173479123109163,0.0514098589946162,-0.05062152386780168,-0.3309971884179753,-0.5796890491654592,-0.5432850021336142,0.2848290889630589,1.1125279333070253,-0.3114843459377498,-0.08137398536228102,-0.06105623845870195
781,Zakharov Function,1.4717905500353663,5000,5000,0.72102972854511,1.4717905500353663,-0.151215634902587,0.2980274616544411,-0.1553989986753415,-0.72102972854511,0.25651623303327653,0.6306804779633226,-0.07155415552225265,-0.5476712588874814,0.1967589915978019,0.08994829735734233
782,Zakharov Function,1.3664097108348825,5000,5000,0.7162866558701688,1.3664097108348825,-0.2099288630354827,-0.5848177191104678,0.18501319751403777,0.035028827057795045,0.7162866558701688,0.20638909732331082,-0.31035413417388785,-0.16155743456063618,-0.28585233531783877,0.2559297295317192
783,Zakharov Function,0.508483336238422,5000,5000,0.5912409485460318,0.508483336238422,0.20814005019288734,0.008565673504148816,0.27127302145839094,0.02649216968638276,-0.5912409485460318,0.05614741002641782,-0.03405116727147179,0.04603377805957616,0.1509342160725771,-0.02273426846935027
784,Zakharov Function,0.18508455210817354,5000,5000,0.145656966826958,0.18508455210817354,0.145656966826958,-0.08609590870838858,-0.10775049473431653,0.0841147840554375,-0.07032766101196321,0.0768624228273741,-0.035424194508175424,0.11312686134604462,-0.10124374395021521,-0.04490621901465302
785,Zakharov Function,0.007790965589844654,5000,5000,0.056934425101653946,0.007790965589844654,-0.011691443210214238,-0.00013632553783830543,-0.019837540521317164,0.056934425101653946,-0.026374838968485734,0.029300045955319123,0.004219909959657821,-0.022808616372655584,-0.031164333879236037,0.02650489033547495
786,Zakharov Function,1.292394206512144,5000,5000,0.5977927054184078,1.292394206512144,0.015015474178295296,-0.15349552556130458,-0.24814056384965522,0.5977927054184078,0.32289132422256883,-0.1708431000921451,-0.30674957277801396,0.48194135322896114,0.20830842115852716,-0.4906009254132828
787,Zakharov Function,5.566539885922089,5000,5000,1.2140787549715761,5.566539885922089,-0.0648021946543064,-0.09928893080427686,-1.2140787549715761,0.23282014411681384,1.0597864119375302,0.02334366633831693,-0.8686702633189792,0.06116739048326614,-0.5904806297688763,0.9898916819622585
788,Zakharov Function,1.9074425621125113,5000,5000,0.5251070077035993,1.9074425621125113,0.4774211037289775,-0.14281800235119274,0.5251070077035993,-0.3617189883474483,0.28246619019183716,-0.23601911178171897,-0.07105900352102054,0.12029787450183249,-0.3467118392206766,0.0783265400098852
789,Zakharov Function,3.6230509333750502,5000,5000,1.2796036520692227,3.6230509333750502,0.7459883994792649,0.33561794759653685,0.10593715895489308,-0.18937325565754537,0.001666935391616109,0.4354455451956266,0.38254507150803496,-1.2796036520692227,0.16940332492228138,0.09250425154265828
790,Zakharov Function,5.6649097394153545,5000,5000,1.1149869887979875,5.6649097394153545,-0.486898503995825,-0.42721365029033714,0.8425818080820067,-0.4041014870590721,0.1871514529072125,-1.0603025574461622,1.1073019030331959,-1.1149869887979875,0.1806870093818897,0.6385920026843869
791,Zakharov Function,0.011907163438867992,5000,5000,0.06622875460669338,0.011907163438867992,0.01889714655594297,0.06622875460669338,-0.0170229560111954,-0.04575142363476602,-0.05931568257148036,0.02037877006541628,0.0023865805835955774,0.018956483430721194,0.004911848414497724,0.008383575527059131
792,Zakharov Function,0.2396878541909765,5000,5000,0.301600329637689,0.2396878541909765,0.05827631637948438,-0.09439719881740194,0.11904321672566065,-0.1264328897301471,0.1630000416489903,0.301600329637689,0.023670319396083217,-0.028701846551158705,0.00933346546011421,-0.25801807956048173
793,Zakharov Function,0.00030495466879097217,5000,5000,0.01261756868367741,0.00030495466879097217,0.002444357086279079,0.006043016215052533,-0.01261756868367741,-0.0028436869933542892,-0.0011085912305813924,0.008287881606781905,0.0011818766641119428,-0.0013277556390608703,0.0030885242997194433,-0.003536760141686083
794,Zakharov Function,0.0121449136399446,5000,5000,0.0586269047232327,0.0121449136399446,0.0586269047232327,-0.025103386633367267,-0.014316669202420515,-0.002926522380699006,-0.027858948651935903,-0.002801662437373783,0.024744004649215293,0.02237673250117802,0.04843345666430396,-0.05281036211119561
795,Zakharov Function,0.8830891221771126,5000,5000,0.5401715732570886,0.8830891221771126,0.0934339174123211,0.08983830908304696,-0.01845439261013048,0.12069540140516288,0.16684526408810135,-0.4107595995719524,0.5401715732570886,0.35148387472781406,-0.43752667757462693,-0.1931766703915606
796,Zakharov Function,0.03230268964742563,5000,5000,0.10812407190787376,0.03230268964742563,0.022884676477130314,-0.04670285114324424,0.05917788327944739,-0.03620372100808977,-0.030078168823008435,0.006842878688862138,-0.10812407190787376,0.04429947001152019,0.05658719722978907,0.020191458154070585
797,Zakharov Function,36.33667123054282,5000,5000,3.336849793302867,36.33667123054282,-2.463070007026082,-0.8798972580670412,-0.6065277340357433,2.9845319863215893,-2.506103170566065,-0.42336833645841576,-0.4982347988281942,3.336849793302867,-1.1796685082000216,-0.18710778935746086
798,Zakharov Function,0.002072014993779025,5000,5000,0.023845908881038946,0.002072014993779025,0.006993906994574406,0.010695284815483602,0.0009648079258913964,0.014254332251574759,0.02315478352224158,-0.002153062234765763,0.00014220945861771056,0.008415932293950792,-0.023845908881038946,9.230187813398516e-05
799,Zakharov Function,194.58483692574276,5000,5000,8.082430559986513,194.58483692574276,-1.1552105913539938,2.514997014604492,-4.261340590190642,-4.8198104290422155,-5.334640882158757,5.880035588636332,8.082430559986513,0.47467839068630546,-1.0316796516314126,-2.845112935183592
800,Zakharov Function,1.5417243995234167,7500,7500,0.7979937775075514,1.5417243995234167,0.1507033265975031,-0.32805820509977796,-0.4516912867784805,0.33390916108300595,-0.360965014778346,-0.0440727406033968,-0.35397806937471826,0.7979937775075514,-0.2483225063628653,0.15690179613844854
801,Zakharov Function,0.16680397885447854,7500,7500,0.25298533670332185,0.16680397885447854,0.25298533670332185,0.07668848734984895,-0.18416122056555245,0.023485211281490434,-0.17051425122503933,0.15132956753860366,-0.05572168713219189,0.015176800358744545,0.06601973637633266,-0.023430288160224022
802,Zakharov Function,3.4803430992524467,7500,7500,1.1946871064687064,3.4803430992524467,0.28193099163810875,0.0014530138913591423,0.11049480588548728,-0.37784712051190933,0.49256588683370084,-1.1558601535698894,1.1946871064687064,-0.20158805687223397,-0.14087009197427058,-0.08876922549374686
803,Zakharov Function,0.22375545511805447,7500,7500,0.2408120117174043,0.22375545511805447,-0.10859318529414619,0.061239225509681375,-0.026037483381172274,0.10901595523398123,0.019227738542857586,-0.041978011442473574,0.20334767035407764,-0.10013713353638735,0.1173056833144717,-0.2408120117174043
804,Zakharov Function,0.22360760379042435,7500,7500,0.26183675762292846,0.22360760379042435,-0.05853717083929587,-0.09737691724020034,0.21860261333738717,-0.26183675762292846,0.07232898012701153,-0.14813193530010307,0.2377282922384936,0.027695030167137563,-0.0882889928148392,-0.0010652627650938815
805,Zakharov Function,0.08738729244180213,7500,7500,0.1723115146951661,0.08738729244180213,-0.005585056651721643,-0.08643215078804445,-0.1723115146951661,0.08535540863345983,-0.002366845098479585,0.049008292137045856,0.10745981882685376,-0.11634045884915231,0.10307044013381814,-0.06129949848717259
806,Zakharov Function,0.08029173168080363,7500,7500,0.15831619711586797,0.08029173168080363,0.0537803508613455,0.10480939065281175,0.016656281294240245,-0.004602710024871223,-0.11039034045254881,0.09583897294360985,-0.10912064362111942,0.15831619711586797,-0.0008183280818916741,-0.08557530873862973
807,Zakharov Function,4.08681890466226,7500,7500,1.0959093752311186,4.08681890466226,0.2723005944990985,0.36816350562820616,0.9555167842807326,0.24337296743828873,-1.0959093752311186,-0.16845980594769755,1.095438875921222,-0.25327565980703426,-0.6180943267037389,0.13542424902486416
808,Zakharov Function,2.0539665142741783,7500,7500,0.8236992251394231,2.0539665142741783,-0.055431389374011264,-0.7970177448163216,0.4362950641962342,-0.6220749002052155,0.1777715797004831,0.8236992251394231,-0.3176404439138866,-0.07944980030366024,0.009453255236629751,-0.04975479232891199
809,Zakharov Function,0.0007057438427562486,7500,7500,0.014708531782279002,0.0007057438427562486,0.014708531782279002,-0.009093723497238193,0.005153921730057269,-0.004861989898218498,0.0077218075016812215,0.00026456502848338104,-0.0007354614033631517,0.005469101244525572,-0.0013149342774691382,-0.002743692814020971
810,Zakharov Function,0.050647274913342394,7500,7500,0.14018780797103086,0.050647274913342394,0.0270203276403867,0.03149182255651,0.028153970617188443,0.14018780797103086,-0.04137717465555313,-0.06068146272367239,0.05668634140369316,-0.030575593811244167,-0.0538405777299733,-0.008266203898295216
811,Zakharov Function,0.293723260121982,7500,7500,0.32164007045017273,0.293723260121982,-0.09527919267319931,0.0959690714873534,-0.05410170483731,-0.10216237206623244,0.3040253285690753,-0.32164007045017273,0.11881063532541869,0.05229677813691112,-0.16858677801277355,0.12840281604185488
812,Zakharov Function,1.9869395617760226,7500,7500,1.0138399967847667,1.9869395617760226,-0.12033583593866914,0.3482447602633257,-0.3552322967453815,1.0138399967847667,-0.6641271572446303,0.30672282592751365,0.09364821906639142,-0.09220456682820222,-0.04676489711111814,-0.08892179371283881
813,Zakharov Function,73.54973200003148,7500,7500,6.980073033742605,73.54973200003148,1.527264743890846,1.7448433012117681,2.459141212275913,-6.980073033742605,-2.1888561011561,1.839907569142619,-0.06781137328788255,0.8332629234118645,1.764984687036791,-0.8068507461040303
814,Zakharov Function,0.1268467233402353,7500,7500,0.23940308629233065,0.1268467233402353,0.01997617447784962,-0.0006187807733599983,-0.0820792704931082,0.06251427095240208,-0.04609358345014347,-0.22344363064958117,0.23940308629233065,-0.02798305608773314,-0.03866743099013469,0.033452594981069485
815,Zakharov Function,1.0224197000355966,7500,7500,0.622153227301082,1.0224197000355966,0.17026597578940184,0.10670659791609782,-0.4168547278789196,0.35649132937367256,-0.622153227301082,-0.21005282916647228,0.3457796988333071,-0.11143895434985632,-0.10670375525390707,0.32637490171000033
816,Zakharov Function,7.085293528126796,7500,7500,2.0656352778541285,7.085293528126796,0.38059158823280437,-0.26661033178485916,-0.44663742553314817,0.6550842133407278,-2.0656352778541285,0.5527767503764547,0.5749599762174705,0.8082268010525242,-0.7877909736825748,0.22570155475191742
817,Zakharov Function,1.1527370027842685,7500,7500,0.4876695514775038,1.1527370027842685,-0.058450516264552,-0.4328297734251427,0.45036903046534627,0.17074696465884737,0.44585954424881136,0.303640600514813,-0.13093357510464831,0.23729727839948395,-0.06667025922058803,-0.4876695514775038
818,Zakharov Function,0.6303658982526382,7500,7500,0.431303910954838,0.6303658982526382,0.13524374563884461,-0.1882928451654558,0.08353972914420181,0.2523088349390574,-0.2624521675835136,-0.431303910954838,0.40532404923721044,-0.04548960478264849,0.0745677449926687,0.02776767863603917
819,Zakharov Function,0.9357454511324549,7500,7500,0.5924059940324976,0.9357454511324549,-0.33946917552283074,-0.5924059940324976,-0.15529579138942778,-0.22617644426742425,0.059153215909909074,0.2596576380673733,-0.08429013900306255,0.16270430452333207,0.23577928514121282,-0.25594318704202906
820,Zakharov Function,1.2751105106676615,7500,7500,0.685786696393103,1.2751105106676615,-0.44505462430420484,0.009492983967581942,0.685786696393103,-0.13701365595854814,-0.6251095114352732,0.14861291364812954,-0.22864032953120933,0.11535643373544435,0.11999860818720678,0.12889588073593344
821,Zakharov Function,0.006445876488132078,7500,7500,0.04414542878089489,0.006445876488132078,0.015191825747979431,0.03263401219272247,0.0032229458836794114,0.00489601416038229,0.015015060190402399,-0.027311423703217964,-0.04414542878089489,0.00410346514762561,0.042065038361998944,-0.015037684432593477
822,Zakharov Function,0.05765633591959981,7500,7500,0.10661137230238087,0.05765633591959981,0.002458333400801954,0.053156897818335005,0.04605711043516128,-0.10661137230238087,0.09567547669700383,-0.07666215780627395,0.04113433071962269,0.007564914929979448,-0.042774875483064745,-0.009996211509292387
823,Zakharov Function,2.109286315153704,7500,7500,1.2705895669748333,2.109286315153704,-0.0722995189177219,0.36629133008374826,-0.09957082102851161,1.2705895669748333,0.06117318484698797,0.12645614199613764,-0.21775399111401217,-0.2497279828623603,-0.09159698979097358,-0.28377009652729845
824,Zakharov Function,0.18633872004336774,7500,7500,0.2678410114519153,0.18633872004336774,0.1046278205063308,-0.08163508889517122,-0.2678410114519153,0.07074225802344916,0.05572155999678465,0.05787022487174226,-0.12870048555550273,0.22280442848539472,-0.12663049354414213,0.00986932479330671
825,Zakharov Function,15.4111452607349,7500,7500,1.9894284198146974,15.4111452607349,-0.02895246036559815,-0.5606163994079542,-0.5389521591215339,1.7556379853619382,1.9894284198146974,-1.2254807105486158,-1.580723040894669,-1.2055406142710479,1.5101300650623024,0.059628776910650834
826,Zakharov Function,0.7156414826508664,7500,7500,0.5446043474275726,0.7156414826508664,0.20161538013925828,0.19640654546439767,0.18038152113781641,-0.00948998158366348,-0.41541759348523105,0.5446043474275726,-0.3544753806984835,-0.07269557473719046,0.029463339133932592,0.05251461249761369
827,Zakharov Function,0.9134356426467809,7500,7500,0.6203653756758334,0.9134356426467809,-0.40498550838189007,0.14920062735068312,-0.30737689239612903,0.6203653756758334,-0.029576274657912738,0.13050050183846287,0.13070916135892863,-0.11943004709925298,-0.2210744525363767,0.06599538379959324
828,Zakharov Function,0.141175608485161,7500,7500,0.23610876217325152,0.141175608485161,0.09276987389588427,0.1858583405347946,-0.09561857332693295,-0.23610876217325152,0.13365605870763547,0.0872400311042407,0.05136544860815511,0.01094920770626366,-0.022528548756760525,-0.06619350650764787
829,Zakharov Function,1.7086845544359863,7500,7500,0.6219498965164781,1.7086845544359863,-0.21020176785849576,-0.6219498965164781,0.1415415926146224,-0.5297426638460303,0.007389698996246974,0.48396527335340356,-0.10034757763402025,-0.5516923717055638,0.5844351672681549,0.06186916481177507
830,Zakharov Function,0.05791882643771534,7500,7500,0.11775090833175789,0.05791882643771534,-0.11775090833175789,-0.06023359022454064,0.07326704663152755,0.007570492330221369,0.07382298090183131,-0.07043915064838391,0.014553001113376401,-0.056790180636819315,-0.04352489296188975,0.0981168532951121
831,Zakharov Function,0.07248547721060646,7500,7500,0.15275741385126262,0.07248547721060646,0.12474535626006406,0.15275741385126262,0.09006432001270231,-0.04384837487576981,-0.04264035968420904,-0.10049796331264532,-0.0661796232484341,0.02292781608543143,0.07288202431016687,-0.015373358987677166
832,Zakharov Function,2.680290147793457,7500,7500,1.0949311271648534,2.680290147793457,-0.1291878854452061,-0.0634630531130184,-0.06471466496033507,0.2371477929280837,0.17842540411704516,1.087298164739853,-1.0949311271648534,-0.11283013564285449,-0.2580580172852686,0.25817976171175966
833,Zakharov Function,0.49951185717159496,7500,7500,0.3402461104638751,0.49951185717159496,0.09981848652497483,-0.0009874909162034817,0.13125636972535565,0.16925115363372278,-0.20536160416213659,0.09587894907013367,-0.0841501149915204,0.049365323190387445,-0.3402461104638751,0.3286376255415366
834,Zakharov Function,0.7531670013672918,7500,7500,0.6055776653472782,0.7531670013672918,-0.031751378292333446,-0.030808425220128888,-0.02291965750703162,0.6055776653472782,-0.062475916027553174,-0.5783149379440782,0.18638702806435137,0.08856102383615277,-0.02771926016680812,-0.03130640867148519
835,Zakharov Function,0.23090610879327736,7500,7500,0.24695857743387467,0.23090610879327736,-0.08583461174256973,0.24695857743387467,0.191571316680338,0.008536567250793999,0.08581794586720501,-0.02163907926351877,0.15564436931151004,0.04648806316746342,-0.2386768770451896,-0.02672991352397172
836,Zakharov Function,0.28520432307180754,7500,7500,0.21134391141966136,0.28520432307180754,0.16345359179911995,0.11379246437338797,-0.19878096037260742,0.21134391141966136,-0.1794404529751489,0.13167662599087643,-0.08654255130348304,0.1660431918817617,-0.15618921459399687,0.0582803549102777
837,Zakharov Function,0.04327859894498269,7500,7500,0.11748787673477107,0.04327859894498269,0.08413531245888367,-0.028581947099028556,0.11748787673477107,0.024122734137501968,0.02134903644992517,0.021718968605817346,-0.08106376633282433,-0.021583294949904297,-0.0518141007024778,0.029995104751684404
838,Zakharov Function,19.088560532265483,7500,7500,2.515374002355398,19.088560532265483,-0.014913493445421002,0.03929669123330376,-0.253934223143113,-0.45165650911033284,2.0118426256077413,-1.8338639040492222,-0.7168537441471621,-2.1043814127828897,2.515374002355398,0.2070909027672686
839,Zakharov Function,0.5518634574791462,7500,7500,0.47450740745300557,0.5518634574791462,-0.22571492936074306,0.16238013502314308,-0.0869957219166123,0.47450740745300557,0.09594121782472864,-0.26236245881409614,-0.29188082538021154,0.1805971501133413,0.08988839277875799,-0.11610663509958268
840,Zakharov Function,5.2349097231023425,7500,7500,1.5044299674061834,5.2349097231023425,-1.5044299674061834,0.21876396228128692,-0.6474385885439452,-0.5052120840959876,-0.7004961972828925,0.42490262783784316,0.5210720079809846,0.8754194300067515,0.23695810038827225,-0.6928014922581636
841,Zakharov Function,0.47221976222768813,7500,7500,0.5046318894299798,0.47221976222768813,-0.09643287579354858,-0.13156651512835268,0.2929522398822654,-0.23524201047252224,0.5046318894299798,-0.07646120667183676,-0.09006299496930817,0.08840808708079646,-0.11412150163994766,-0.08651785937079595
842,Zakharov Function,0.01896092981602545,7500,7500,0.07919642334837301,0.01896092981602545,0.02150430114864238,-0.07772844366672679,0.03406341036443866,0.025655316796975663,0.008191109293581168,0.07919642334837301,0.008562338580662951,-0.0180155704442578,0.012126012435138594,-0.061270258287979724
843,Zakharov Function,0.00010797298367939911,7500,7500,0.005509353743467123,0.00010797298367939911,0.000631202450699201,0.0023845026091923014,-0.0008854545798549652,-0.002089263327619376,0.003619995232238285,0.0010837199170507126,-0.005509353743467123,0.0008199428055371846,-0.0018380054020696807,0.0016072303773056657
844,Zakharov Function,1.2884161297890944,7500,7500,0.9036110977425129,1.2884161297890944,-0.07570607880823466,-0.064572709129624,0.05629159509151102,0.22949051622184646,0.027791422904304662,-0.9036110977425129,0.1766563033745993,0.2650539585806327,-0.18446819447790608,0.18143159686767146
845,Zakharov Function,32.95500162774294,7500,7500,3.670854497464455,32.95500162774294,-1.2307656825618367,-0.6960315246027151,0.5190710987292426,-0.17089892916439742,0.024409617399300032,-3.670854497464455,-0.029566448512056864,-1.8256979445282973,2.344686609695835,1.9932468134439052
846,Zakharov Function,0.13340740365438222,7500,7500,0.21903571755414455,0.13340740365438222,-0.005851818356736847,0.03367299549209925,0.06983729094157362,0.09718569996455405,-0.08311741421407892,-0.20307534074002237,0.09473472081660803,0.21903571755414455,-0.05155580058644944,-0.10009113919752811
847,Zakharov Function,0.010676964833279947,7500,7500,0.06974434406433223,0.010676964833279947,0.00942005314599298,0.03403128920778263,-0.02594492136212702,-0.04601231086272846,-0.024896989679205353,0.06974434406433223,-0.014265475088041902,0.022950241954076665,-0.020196171576060042,-0.0019032601258259553
848,Zakharov Function,0.15759492492689708,7500,7500,0.22665713566251736,0.15759492492689708,-0.22665713566251736,-0.06622072822577822,0.012390071115214996,0.07486516645729832,0.10861356322047905,0.03481983292900859,-0.010200527092588174,0.03528466754518754,-0.17897528551795183,0.02371493236455005
849,Zakharov Function,0.06903808916847369,7500,7500,0.14252817426923028,0.06903808916847369,-0.001149597806256654,-0.07029610169844003,0.0944565937634918,0.03661723766740123,-0.14252817426923028,0.12651667537227348,-0.09108768781496153,-0.014261843835270863,0.033397167876219436,-0.006004582398401653
850,Zakharov Function,1.5668777895800279,7500,7500,0.7927639299214633,1.5668777895800279,-0.09369101386285222,-0.17201276861463213,0.3121355418156726,0.13123358707817587,-0.39893360784747933,0.6833920843775714,0.11687113985921962,-0.7927639299214633,0.11765671573203908,0.06596394746833073
851,Zakharov Function,5.143029869388422,7500,7500,1.290970924999404,5.143029869388422,0.012745810006119074,-0.38209379659738346,0.5197608127019699,-1.1445602558105106,-0.29507558032975745,-1.290970924999404,-0.017472807683635516,-0.2622980642836521,0.8209221861220068,0.6633376337761135
852,Zakharov Function,0.0002611124994219625,7500,7500,0.00894530496074884,0.0002611124994219625,-0.008054594984627739,-0.0048873163371138915,0.0028448478666506507,0.00894530496074884,-0.0008579133690236919,-0.0020442494203855074,-0.0032735145987733485,0.0043090503162417654,-0.00611915326863062,0.0029696192910470113
853,Zakharov Function,0.2491250726479184,7500,7500,0.220547274718603,0.2491250726479184,0.020855097055167908,-0.0202508483744748,0.07890793813316116,0.220547274718603,-0.18647501634644226,-0.00010420374662897802,0.014384963144125767,0.11436266152606407,0.05333200143435299,-0.09721626262272276
854,Zakharov Function,10.810876606410257,7500,7500,2.1196108589777634,10.810876606410257,0.18367250313472563,0.4934777372616515,0.12100301321959672,-0.6648104735902074,-0.7647674506493175,2.1194187493518237,-2.1196108589777634,-0.040522352045592014,0.4932549751982387,0.36379444348929646
855,Zakharov Function,0.00028060847075259723,7500,7500,0.010959924673657768,0.00028060847075259723,0.010959924673657768,0.0021203445199974,-0.00484281591912924,0.00651390679814293,-0.005834748861369744,0.0026342191302981596,-0.002608146397804335,0.0018849073624485676,-0.0017311256775549575,0.001687454689011084
856,Zakharov Function,0.0009336574016260772,7500,7500,0.01639992862864409,0.0009336574016260772,-0.003259929336656184,0.01639992862864409,-0.010865713079151067,0.008827948927953883,0.005678370193779748,-0.004459003067943153,-0.004246474270631441,0.00041117410012653666,-0.013683540053463512,0.0094628774497316
857,Zakharov Function,0.0001539765620669563,7500,7500,0.006084709348663833,0.0001539765620669563,-0.00188058258477471,-0.0034422425876011707,-0.002610376730911303,-0.006084709348663833,0.0019113811238675909,0.004426022786048868,-0.0036228969421768144,-0.0011620947671013527,0.004780263258849245,-0.0014852852242751792
858,Zakharov Function,17.100037094516445,7500,7500,2.527753844294022,17.100037094516445,-0.12341383326853161,1.814963487340156,-2.527753844294022,-0.27887102801524055,0.8234691611781644,0.7933775319612931,-1.3246189782032616,1.6635519254264364,-1.1856453902975932,0.2708379548163
859,Zakharov Function,5.779778906031384,7500,7500,1.6982873917332282,5.779778906031384,-0.1683910715103774,-0.8714252455018999,-0.39780186317199207,-0.5140676228254671,-1.181450368316432,0.061828253754420776,1.6982873917332282,-0.3151759090426551,-0.14268422087970434,0.19357784133036915
860,Zakharov Function,86.72119840539611,7500,7500,4.85639860136851,86.72119840539611,3.88211997681402,-0.9213999228133674,-4.85639860136851,1.2072472075695537,3.2853660667687183,1.7184331334169363,-2.7946442828839917,2.9997601505405194,-3.327061533628535,0.3976752635145241
861,Zakharov Function,0.017692105398509437,7500,7500,0.07128923133079608,0.017692105398509437,-0.009094897172367545,0.07128923133079608,-0.00869537911010958,-0.048657481831600784,0.006708458447150699,0.0022545254298819897,0.007504771599466692,-0.0652663329422419,-0.01286048723622795,0.06844145802712628
862,Zakharov Function,0.004029543501413095,7500,7500,0.016612714694642396,0.004029543501413095,0.0017352723187888438,-0.012157721957176439,-0.008997118470635349,-0.008227728631096425,0.016612714694642396,-0.005020068843604442,-0.007154717942092697,-0.012095317591276702,0.00634716347765867,0.0006466980025280622
863,Zakharov Function,0.019149119288138484,7500,7500,0.09669831849608718,0.019149119288138484,0.09669831849608718,0.021252314737475592,-0.029846778901355703,-0.03836247717074833,0.015584119188113928,-0.058209717077110854,-0.002672452466700344,-0.0050638002867057635,0.005330683591101525,0.04559752189620933
864,Zakharov Function,0.0007740081117423082,7500,7500,0.017545802446713204,0.0007740081117423082,-0.0012239723463959486,0.017545802446713204,-0.005452014160927687,0.0062614907754308105,0.008092030689585245,-0.0027131463340395586,-0.009509808836439097,-0.012666993390482998,0.002202338587147721,0.008189441527889956
865,Zakharov Function,0.15427466581353955,7500,7500,0.22836929706398795,0.15427466581353955,-0.007367222513285769,0.05594584761097258,0.15805032176523956,-0.06586756031414318,0.0955872173959471,-0.002816247997442182,-0.22836929706398795,0.22362707215591823,-0.10108194182692576,-0.008362421039139376
866,Zakharov Function,0.17368354229343783,7500,7500,0.2545350947081936,0.17368354229343783,0.024146355551284637,0.12194570384065995,0.2545350947081936,-0.005256346441296855,-0.1360978544920646,0.018608723296478738,0.1778763125755261,-0.044925729450686014,-0.0024836724830614165,-0.15602740932161052
867,Zakharov Function,0.032395852366871924,7500,7500,0.07313121176688392,0.032395852366871924,0.06730256728757464,-0.07313121176688392,-0.04866044568878654,0.009356626317213094,0.03225311995303603,0.04460810687182267,-0.020780890421900053,-0.0022479189803008073,-0.06715579553733586,0.03170697522876409
868,Zakharov Function,0.1913175015029389,7500,7500,0.22348544904774648,0.1913175015029389,0.01122442512927814,0.04967168750497547,0.18172252379747456,0.18268037236287268,0.06278235198893586,-0.22348544904774648,0.022788022284300546,-0.15081269560152027,-0.1136765834020737,0.1520223000582793
869,Zakharov Function,1.008197330154406,7500,7500,0.48690213613918665,1.008197330154406,-0.2441150439794057,0.24908551181398575,0.4413859209807127,0.10645256761368133,-0.10677105183763813,-0.36882948010164096,0.4283868673186668,-0.48690213613918665,-0.1420338502038054,0.26111833208203356
870,Zakharov Function,0.7881689902960057,7500,7500,0.5028050291514218,0.7881689902960057,-0.5028050291514218,-0.1917509858309912,-0.335302667647665,-0.2555448747689745,-0.0185668975008062,0.18409032731080296,-0.15200273766844374,-0.07818262334600173,0.28046500240193684,0.17887579195518172
871,Zakharov Function,9.287480421810947,7500,7500,1.9538356775469716,9.287480421810947,0.5128046467150444,0.23162235375406692,-1.228511090624683,1.9538356775469716,0.0755833184503727,0.33429710235761395,-1.519345771565198,0.6314213556014044,0.5025086791466277,-0.5494869991070933
872,Zakharov Function,0.717471831396931,7500,7500,0.45702692231213715,0.717471831396931,-0.1394122807522925,0.3982070465398646,0.4320176142740456,-0.45702692231213715,-0.14975960730657145,0.09281204647699226,0.1359291648061593,-0.1176175929134824,0.17895749142417705,-0.18051420470851934
873,Zakharov Function,0.9589891196611274,7500,7500,0.46124070135603523,0.9589891196611274,0.1411927982267055,-0.3615112979667118,-0.46124070135603523,0.38079809833830625,0.41714900766838403,-0.38509410196027066,0.01678950644386832,0.06199231455526116,-0.11839771698324861,0.16719996803444337
874,Zakharov Function,0.14448639007968384,7500,7500,0.15101556821846773,0.14448639007968384,-0.023258978755534107,0.03537793782683177,-0.1436413540623361,-0.11250113239865098,0.006574774513260002,0.10302122713296388,0.03536087893868162,-0.026277170836889477,0.13248152632709007,-0.15101556821846773
875,Zakharov Function,0.0018399567475871506,7500,7500,0.013445709313560643,0.0018399567475871506,-0.007959101034426853,-0.010730713177662412,0.003248250893507368,-0.013445709313560643,-0.006365475867709067,0.013160989915503234,-0.0038356511938420993,0.004671207917205421,-0.002804865991909298,0.010724854966676512
876,Zakharov Function,43.62737972730864,7500,7500,4.321896597439493,43.62737972730864,-0.18908797044407533,1.615066484574787,-0.38629498306709187,-1.512669517253773,4.321896597439493,-1.6780656131591387,-0.7238350834193494,-2.751329183730579,2.914459113341521,-0.6728973545428336
877,Zakharov Function,0.044141636795456254,7500,7500,0.11797186127385098,0.044141636795456254,-0.06827937500651624,0.09246434957193417,0.003571082188749214,-0.016103575954609983,0.11797186127385098,0.03892680214085461,0.014863197721430344,-0.046048135879234564,-0.10429128799923071,0.036775430673526115
878,Zakharov Function,0.07465709459246789,7500,7500,0.1282119372670933,0.07465709459246789,-0.10173145779332943,-0.12308891442464015,-0.02821785781414171,0.06461930574303783,0.02366989969267394,0.0692513525475299,-0.1282119372670933,-0.004690112499478816,0.12241809949923083,-0.06408175127527266
879,Zakharov Function,0.0023326621631472827,7500,7500,0.024541709710007704,0.0023326621631472827,-0.013153408765606858,-0.001923542156889323,-0.00953433947285352,0.006982289642368527,-0.005599724412856806,0.013699229017824555,-0.006475122862147752,-0.013025979733625806,-0.00797538594423185,0.024541709710007704
880,Zakharov Function,0.00023496253223673964,7500,7500,0.007203435014732655,0.00023496253223673964,0.0035954072676905,-0.00460458695197807,0.004111628010497857,0.0007600019538286425,0.007203435014732655,0.006112367228780507,-0.004144170923777456,0.0030139061886314336,-0.004149972511883234,-0.005027352584373032
881,Zakharov Function,0.01326370488595751,7500,7500,0.060437108125047045,0.01326370488595751,0.0027649162162992824,0.03266652283629225,0.018988581500365975,0.03866018113432751,-0.060437108125047045,-0.036390194150003094,-0.007189170724083663,0.05242499563997874,0.0002834935389100417,-0.022160996990194616
882,Zakharov Function,3.873720727159011e-05,7500,7500,0.002715981861240434,3.873720727159011e-05,0.0007735434074813449,-3.585097675050272e-05,-0.0019278591684511273,-0.0017932668122155188,0.0018635964490350005,-0.0005024131731696303,0.0016975793802378805,0.002715981861240434,-0.001953337025434945,-0.00027779365082104715
883,Zakharov Function,0.04204634044436332,7500,7500,0.15289756041424912,0.04204634044436332,-0.02101978562096471,0.08179502708403974,0.15289756041424912,-0.025730501326717496,0.0023666539864843766,0.03641267088456437,-0.08335041065489879,-0.039126167381283175,0.015844137196468933,-0.0031464928984688
884,Zakharov Function,0.8279467384539174,7500,7500,0.6148697691622542,0.8279467384539174,-0.2656846954243335,-0.2697218015258732,-0.4490282667556249,0.6148697691622542,0.10259635032656142,0.15598339814699533,0.030805309440606776,-0.19010760764205437,-0.02320240768216819,0.01118790892914983
885,Zakharov Function,5.027250748412623,7500,7500,1.4588454098342707,5.027250748412623,0.7235448994206393,-0.429570529259388,-0.4373179653873857,-0.7966305929467036,0.28044225346617563,-0.09527809720846464,1.4588454098342707,-0.33949352539171773,-0.7958540211695032,0.2282944860423638
886,Zakharov Function,0.15188157696599355,7500,7500,0.18568771509587106,0.15188157696599355,0.07712520504848923,0.06730918415328135,0.0238840032774455,-0.18568771509587106,-0.03801884172103204,0.05147399505191097,-0.0469375980338432,0.10282158224931129,0.003313022656082791,0.03872284329125297
887,Zakharov Function,1.4211536754129268,7500,7500,0.5599826315351463,1.4211536754129268,0.03929830098050314,-0.22816199969778933,-0.5599826315351463,0.37238937794729543,0.2637823329382862,-0.24223685473387574,-0.4902325596952939,-0.2464436259468552,0.302865509957002,0.23871697209653775
888,Zakharov Function,0.0005567034735713689,7500,7500,0.015400255266829234,0.0005567034735713689,-0.005242260358925917,0.003568723518860709,0.009943588136120705,0.0013531183524767565,-0.0026448408375196247,0.015400255266829234,-0.005001043752634218,0.006182777773870801,-0.005445045244532784,-0.0071166281307000236
889,Zakharov Function,0.005186041088603992,7500,7500,0.053828647883170044,0.005186041088603992,0.004686555292787052,-0.014048591823693737,0.029881350700471043,-0.011551536343338,0.0010045832139886565,-0.015191117399800589,0.053828647883170044,-0.025358487410934286,-0.007484455859522614,-0.001967946497659339
890,Zakharov Function,25.99680476509505,7500,7500,2.7494780765203153,25.99680476509505,0.3815136909745078,1.2303582779152182,1.8208375346786345,-2.7494780765203153,-1.6313900252011546,2.1283280875451505,0.9154078341725921,-2.0118412059822237,-0.35445037777999966,1.0045402000139645
891,Zakharov Function,38.786623997474315,7500,7500,3.860981866155063,38.786623997474315,1.2340331930269817,1.748451966858806,2.597960338779769,-0.5075766809079478,-1.5334810145700568,-1.164441463863337,2.1900471612697103,-3.860981866155063,0.13108982961027593,1.704535976943093
892,Zakharov Function,90.10341863031772,7500,7500,5.4446656376926725,90.10341863031772,-0.3883104063546199,0.5289601227610393,-5.4446656376926725,4.595225963203123,-3.4333284941036672,4.432944881844992,-1.1179384551802192,1.4540771410352056,-0.9233820837453071,-0.5369035634232691
893,Zakharov Function,2.65674392027048,7500,7500,0.9666387446117195,2.65674392027048,0.6384913779451137,-0.38962374114627085,0.9666387446117195,0.6498650012971692,-0.5035486720540028,-0.0738024139198648,-0.5955542099933779,0.22128055808953828,0.0902602067309273,-0.030325256678438772
894,Zakharov Function,1.1624605910655368,7500,7500,0.5982968685906271,1.1624605910655368,0.04815231729305405,0.04454307569019422,-0.582873701900344,-0.0441685816692719,-0.22137320610984934,0.23747709147572882,-0.3525681464216127,0.5982968685906271,0.2883661063631369,-0.36591758732130353
895,Zakharov Function,0.0010541636669851547,7500,7500,0.013078310211670031,0.0010541636669851547,0.008928281947583439,-0.0031574267708070584,-0.012236919460702978,0.006421583533505901,0.013078310211670031,-0.006749086585223198,0.008772764098064075,-0.010561148670703801,-0.010551582353199602,0.007301157468952576
896,Zakharov Function,0.0020029999439890767,7500,7500,0.02724691838503121,0.0020029999439890767,0.005172364513289833,0.002330023187959069,-0.018692244235903592,-0.010591702026483657,0.02724691838503121,-0.011589869561166838,-0.009573368399752319,0.020888255394426784,-0.00640812533810569,-0.0034834533112319196
897,Zakharov Function,0.10710693699602498,7500,7500,0.17952176718163065,0.10710693699602498,-0.13171021177766987,0.04130646418321085,0.0457027207559943,0.17952176718163065,0.03348125638316715,-0.050479148108588195,-0.12100225648570273,-0.07699379699023048,0.12300204788954294,-0.0077114343860126555
898,Zakharov Function,6.925875236635381,7500,7500,1.9774536027598204,6.925875236635381,0.22285788831905445,0.5426117004897387,-0.20241535770296837,-0.5542159011638281,-0.46282058407291227,1.9774536027598204,0.13422825288340823,-1.0216409455955004,-0.586185308193157,0.3172882974172687
899,Zakharov Function,0.05600711569226991,7500,7500,0.1451868104589228,0.05600711569226991,0.04183176785069466,-0.07718837613983262,0.039240797557042725,0.03127160503466481,-0.07687732348038173,-0.02197182548569096,0.04840520203873148,-0.1451868104589228,0.021203859888578352,0.11247112887208506
900,Zakharov Function,0.1034762333061647,10000,10000,0.1520567559110677,0.1034762333061647,0.06327385103693706,0.04630745088714573,0.0924456239450075,-0.1520567559110677,-0.09806163808026835,0.1173312135697766,0.1299856221948941,0.09659015910783075,-0.07962104684806637,-0.09710502341028185
901,Zakharov Function,1.124059696524711,10000,10000,0.548777577366385,1.124059696524711,0.30152168771531224,0.27153616658583657,-0.44884094245575124,-0.05818406202638876,0.3777855606119629,0.548777577366385,-0.20338584622385242,-0.40851559712706775,-0.09962883264042821,0.1638874735203999
902,Zakharov Function,0.0009119085568715478,10000,10000,0.0167426265035773,0.0009119085568715478,-0.012879232731760455,-0.007614694452069505,-0.00554362245684141,0.0003523256785673769,0.009935970494260146,0.005378153851784051,-0.0167426265035773,0.011502108089825543,0.007285421584822968,-0.007212592459788156
903,Zakharov Function,2.527059045430942,10000,10000,0.8434290838696323,2.527059045430942,-0.23014372196369262,0.004828879019550925,-0.3407294215797827,-0.08568079268231221,-0.19043249196957313,0.5520466170561719,-0.8434290838696323,0.34791245236009116,0.7703760213535081,-0.5538096264901878
904,Zakharov Function,0.008270268599194587,10000,10000,0.06999254518605624,0.008270268599194587,-0.007457966646095757,0.028832191536226258,-0.037447702810134154,0.06999254518605624,-0.0035915186173104824,-0.025258328528531295,0.006265290141235455,0.006375585435434358,-0.01272789921856789,-0.005394689034724783
905,Zakharov Function,0.0002478154684307993,10000,10000,0.007625828793241115,0.0002478154684307993,0.0015990033144299021,-0.007426187174981759,0.001023211177730507,-0.007625828793241115,-0.002336483512592493,-0.0060726274127291145,0.006970877120895327,0.0042711061260053106,0.0016108937250898674,-0.0016742449528901714
906,Zakharov Function,0.08820291736978442,10000,10000,0.1820421535959288,0.08820291736978442,-0.03110091489516168,0.04515425346208789,0.1820421535959288,-0.07996114710103755,0.002223797554412727,-0.11530953533648289,-0.027037799033356277,0.07241280697438107,0.025831741120697423,-0.05268800236333951
907,Zakharov Function,9.023159395510302,10000,10000,2.525350330438486,9.023159395510302,0.3024593355254139,0.9199649019181555,-0.421999954118377,-0.2918356903559699,2.525350330438486,-0.8018511085411516,-0.4281002131847099,-0.05531088015554808,-0.6754052203439568,0.12811007531010987
908,Zakharov Function,0.08361942729212254,10000,10000,0.13900867306132791,0.08361942729212254,0.05404476884412751,-0.08578123605041633,0.12789897876497455,-0.02588927870705432,0.004792033840058385,0.04180819849853403,-0.025231371917349525,-0.09116259959379738,-0.0702775331457991,0.13900867306132791
909,Zakharov Function,8.036334554005688,10000,10000,1.3542031296111918,8.036334554005688,-0.42661993093592865,0.8363160520858226,-1.3542031296111918,-0.4155358796679016,-1.1284018518968102,0.9698839328235284,1.1274510623786134,0.8279896059828118,-0.9035124257799101,-0.1371586033938462
910,Zakharov Function,15.499492538349886,10000,10000,2.6020554289341957,15.499492538349886,0.5496740933266031,-0.033829857059266055,0.6239411004397735,-0.6222275355484875,2.184155532068611,-2.6020554289341957,-0.7242569083806172,0.4183175198278114,1.3518236831520682,-0.50095524365788
911,Zakharov Function,8.741926369041805,10000,10000,1.535713791618063,8.741926369041805,1.5064759998672113,-0.35442722021941175,0.08679064973583905,-0.7650117059087165,0.8453511240051843,0.9807175274489062,1.535713791618063,-0.24622258425391563,-1.0767177905518908,-0.6978594815709522
912,Zakharov Function,0.16320823043876637,10000,10000,0.2983691401370304,0.16320823043876637,0.08016643348142001,0.1993392953405811,0.053155619548768074,-0.041854306344559625,0.09852788153120096,-0.041270391867914535,-0.2983691401370304,0.0035096166851435184,0.03778678525427959,0.1024400028648268
913,Zakharov Function,1.0972028625202321,10000,10000,0.6055111191062358,1.0972028625202321,-0.22283257463592576,-0.15434648810524773,0.2828462037801256,-0.2505797022520453,0.6055111191062358,-0.3525195719133398,-0.03388808136056509,-0.24622303409592428,-0.2768858372117759,0.47752726094230535
914,Zakharov Function,1.7645798947251883,10000,10000,0.6474130218395051,1.7645798947251883,0.2869992467939625,-0.039149792244512094,-0.3713068336020333,-0.3719751496861544,0.33754908673735917,-0.3177471581235741,-0.26470673269256473,0.5846738723487201,0.6474130218395051,-0.5980010366781139
915,Zakharov Function,0.004811390218522439,10000,10000,0.035926560538354475,0.004811390218522439,0.0029762048849019977,0.015283714085157716,-0.005759978744285082,-0.0037784494364375594,0.035926560538354475,-0.033549622998934506,0.0020386546846192996,-0.016577294358358856,0.03138208920143011,-0.008833930212593356
916,Zakharov Function,0.0030453538913142765,10000,10000,0.038223515566625024,0.0030453538913142765,0.038223515566625024,0.010626256797943672,-0.018533610814495574,0.017703173087356663,-0.015015951567891702,0.014083637783459318,0.001017271756123251,-0.013053861686516188,0.007019078522211106,-0.007174192851049407
917,Zakharov Function,0.008032513741152077,10000,10000,0.06639689055944528,0.008032513741152077,0.011024642633570739,0.004763417250426013,-0.0012728630465712364,-0.0039765383796517145,0.02397591594658939,-0.023877835056900228,-0.06639689055944528,-0.014495459140949862,0.037662480299681694,0.02622217313433514
918,Zakharov Function,0.007283685875053645,10000,10000,0.04562860012955387,0.007283685875053645,-0.009018882413186128,-0.004965232448291557,-0.029198377099951156,-0.04562860012955387,-0.004724209508531314,0.04456123979559912,-0.0017172501292527023,0.039262560742452525,-0.021095311615023503,-0.0036425097002079155
919,Zakharov Function,1.0117652460590185,10000,10000,0.7770296928191399,1.0117652460590185,0.05201548321659952,0.06782203400387982,0.35384383284328436,-0.7770296928191399,-0.1371465090947785,0.007276322121148974,-0.15827434728980375,0.33835133620112906,0.12830223776782013,-0.0839638772538574
920,Zakharov Function,0.06322948544721028,10000,10000,0.14281149937696636,0.06322948544721028,-0.06542574654358116,-0.09046348897910482,-0.032750845900850846,0.08661734507761777,-0.14281149937696636,0.019866604775189298,0.08719733990890147,0.020552101066809124,0.07711951559080726,-0.08282936881391226
921,Zakharov Function,0.1747367749155107,10000,10000,0.19142795058928744,0.1747367749155107,0.1390565443430512,-0.19142795058928744,-0.08998879168921327,0.021181143221127137,-0.1055500902611878,-0.005154940067171147,-0.07514228659463554,0.16984158371749639,0.14459451827068973,-0.07644354038741505
922,Zakharov Function,0.02704421482172961,10000,10000,0.12171151025466992,0.02704421482172961,-0.02517434800661755,-0.04338662069317076,-0.06734762727267869,0.12171151025466992,-0.059866579819105425,0.00889780752259107,0.0037271200958395347,0.020213315565843694,-0.011507364125979998,0.005000695879539389
923,Zakharov Function,0.9428510209298148,10000,10000,0.5640994097347243,0.9428510209298148,-0.11779073502040041,-0.02428154616294035,0.13290964488019608,-0.5640994097347243,-0.2468706660293284,0.14837404547876148,-0.07738855281037726,-0.04328933284473831,-0.02447031906553676,0.23187089507826353
924,Zakharov Function,0.8222299251104405,10000,10000,0.5116921009054227,0.8222299251104405,0.24535265905795128,-0.05873633825936911,0.3855897200060317,0.35640377421090585,-0.5116921009054227,0.0778382764654517,0.2051701382864387,-0.12407511768454005,-0.186955297203229,0.1244802835870667
925,Zakharov Function,32.561020727241505,10000,10000,3.2750267796847496,32.561020727241505,0.5157950161971887,3.2750267796847496,-1.9316969541184505,1.9997068919033167,1.4831691509826008,-0.7897566929384219,0.07614287827887067,-2.201845949685573,1.980173732560285,-1.3738354051137782
926,Zakharov Function,16.944314199569202,10000,10000,3.4899949090348605,16.944314199569202,0.08075353538581875,0.02187016101220263,0.24505301447164776,-0.05349942130401164,3.4899949090348605,-1.028965438562011,0.6544628911597342,-1.1530581757940512,0.4813322446589811,-1.0329104620712166
927,Zakharov Function,5.960094780521596,10000,10000,1.6956798882670157,5.960094780521596,0.5792258158750534,-0.09456692257105792,0.05995714547197501,0.22062136693519976,-0.17885285595694334,1.6956798882670157,-0.9176300786006928,-0.8096656821286324,0.7436491699327684,-0.3318875030819455
928,Zakharov Function,13.501903514554886,10000,10000,2.1498829585537513,13.501903514554886,0.42020808494347006,0.9966320310728902,-1.492951800900605,0.9054968160219756,0.9838641294083921,1.462497501003786,-2.1498829585537513,-0.5056763609589746,0.19001949871049195,0.04257479623170089
929,Zakharov Function,0.009268252368072194,10000,10000,0.059841803031652444,0.009268252368072194,-0.009328925600835694,-0.00975023900511537,-0.006766617352729282,-0.01340207657608717,-0.027540232329908473,0.059841803031652444,0.015800599684977306,-0.016440880221816848,-0.05146300712123274,0.03351981306344879
930,Zakharov Function,0.08326176549221731,10000,10000,0.18884802441127357,0.08326176549221731,0.038046666044131004,-0.040658869502005646,0.040760477121781616,-0.05282046518382913,0.18884802441127357,0.13784629079930477,-0.08747318811464591,-0.03944718607630954,-0.09181287504664187,-0.0001385709172463728
931,Zakharov Function,0.0034637630299564274,10000,10000,0.03251460914399361,0.0034637630299564274,0.0019222641079100818,-0.010785155260177266,-0.012012801302084005,-0.030160574920422963,-0.0072021379648610825,-0.03251460914399361,0.026629127661274437,0.02049158168926439,-0.0004218418333606622,0.005073271049135696
932,Zakharov Function,0.5381051663816981,10000,10000,0.4868546093470635,0.5381051663816981,0.06950912867827375,-0.1451589751712396,0.16480555575482203,0.08757450925315749,0.017765482801886383,0.4868546093470635,-0.19003593151262205,-0.29166655285558063,-0.19075220987122327,0.212583022999568
933,Zakharov Function,0.014532111105988357,10000,10000,0.07806595492261043,0.014532111105988357,-0.006562119696423242,-0.0019740259977602745,0.002596314651898428,0.026723617140888584,-0.0049370612969397015,0.07806595492261043,-0.02418646781478496,-0.025731812573321786,0.013913881347232353,-0.01435028128208446
934,Zakharov Function,0.0005317240446184525,10000,10000,0.014107698938148259,0.0005317240446184525,0.014107698938148259,0.004511246618619731,-0.001331728036606021,-0.013489650393782955,-0.007257509950097191,0.001180986061041188,-0.002343310558231268,0.004049685720175583,-0.0015547844690098518,0.005250344104888442
935,Zakharov Function,0.2841469177774784,10000,10000,0.3082858533500953,0.2841469177774784,0.0860096755000627,-0.02219394214635774,0.14587367162057627,0.12721281375202761,-0.18467143267724423,-0.031433371302061024,0.30545444774051433,-0.3082858533500953,0.10781713142452123,-0.05649987791044162
936,Zakharov Function,0.24009167407065832,10000,10000,0.21521910745772477,0.24009167407065832,-0.09747906909213161,-0.19376571213021376,0.17710061116744638,0.13169471669692928,-0.21521910745772477,0.08999131132812166,-0.1517612115838089,0.09503193684055983,0.164939616711194,-0.14224044202804714
937,Zakharov Function,0.0023778383044955275,10000,10000,0.02535893106602701,0.0023778383044955275,-0.003301331068051149,-0.013559084605100146,-0.009410860202280524,0.00021409085951928876,0.005652004436438969,-0.019655445132443813,0.022262136063231477,0.010521209773783829,0.01944549513488036,-0.02535893106602701
938,Zakharov Function,7.496216102011522,10000,10000,1.907180111377952,7.496216102011522,0.15254120743463473,-0.06571649720299055,-1.907180111377952,0.5393278736766154,0.036353766416948846,1.0161740648846647,0.284214514099823,-1.1786594643914245,0.9266539523475381,-0.39352575662592637
939,Zakharov Function,0.010163118910632618,10000,10000,0.05116919444013737,0.010163118910632618,-0.012506802146936336,0.005934391002336564,0.0017174650113942931,-0.05116919444013737,0.016547747785819973,0.04443966967136592,-0.011922165126214024,-0.04819606673528831,-0.013564627250539536,0.04719185407151546
940,Zakharov Function,0.07653158044832814,10000,10000,0.16864545508048312,0.07653158044832814,0.04545790133192758,-0.11266193247540074,0.1208789900461581,0.06285446335400023,-0.01000835137617491,-0.03030272065907351,-0.008700089597978867,0.16864545508048312,-0.1030804266599325,-0.053802099581492804
941,Zakharov Function,6.731822738065002,10000,10000,1.4447083582824938,6.731822738065002,-0.19093287396876552,0.7020964884896825,0.044910385519912194,0.1403179450252249,0.8863628314441924,-1.4447083582824938,0.29944085360355677,-1.4404505626512867,1.0271921983814394,0.2738455231772734
942,Zakharov Function,0.0004625908533661487,10000,10000,0.010651760331865295,0.0004625908533661487,-0.004309585673359061,0.003736763060614822,0.005275048804683084,0.010651760331865295,-0.0053127299001161695,-0.008477322482320143,-0.004021461637053964,0.007195669979016276,0.0017156433007455216,-0.004844668937140941
943,Zakharov Function,0.07287839828538713,10000,10000,0.2197640537894307,0.07287839828538713,0.01659559395941332,0.2197640537894307,-0.03828872330156169,0.004529497903528065,0.007596955398627311,-0.039059601411053496,-0.05806912011946064,0.03989601193764611,-0.09923584050217557,0.07849385924316771
944,Zakharov Function,0.25678008144414965,10000,10000,0.2659823015980983,0.25678008144414965,0.19802154889108692,-0.23939970792723142,-0.08119621145631913,-0.12595163793829767,-0.08720139994988729,-0.198185056267566,-0.06776644606066823,0.0408601779340797,-0.010271172061826789,0.2659823015980983
945,Zakharov Function,0.017330585620261206,10000,10000,0.061675650550502,0.017330585620261206,0.061675650550502,0.002601193250511331,-0.02531572661630397,-0.026283278636294677,-0.05401520541746198,0.01474283584801379,0.005116010665883866,0.002366643887590114,0.032206208215230264,-0.022128177651960637
946,Zakharov Function,4.595724093959167,10000,10000,1.2312098458289003,4.595724093959167,-0.2951670460852925,-1.2312098458289003,-0.45401429889981215,-0.9459684238447914,0.6383487411179968,-0.2656515086713116,0.9945184915292264,0.1697334155381667,0.007195452736572294,-0.0987730739367073
947,Zakharov Function,0.15348661991175971,10000,10000,0.265765953289091,0.15348661991175971,-0.060595646060598085,0.08672102357334482,-0.265765953289091,-0.09365626939569682,0.019355627249834695,0.02944438705927957,-0.02406920711283972,-0.08163926143584838,0.21137071466695675,-0.009978873712888303
948,Zakharov Function,0.11929221926865939,10000,10000,0.16766856033960442,0.11929221926865939,-0.0020588457076448213,-0.01636828322403726,0.15257319737567032,0.1645585246026707,-0.16766856033960442,-0.003016310998628452,0.015554553423173106,-0.05613263559990114,0.01832818714401796,-0.04178149705560638
949,Zakharov Function,4.166081894246914,10000,10000,1.195461943427874,4.166081894246914,0.0674738216910999,-0.6584997499727439,-0.1613224917723879,0.04800994756318655,0.9083685008614405,0.4808598672047139,-0.4486237045023772,-1.195461943427874,0.7108561731294099,-0.07903958984733822
950,Zakharov Function,273.48160268710177,10000,10000,12.396578695257208,273.48160268710177,1.7856100545467117,-0.7787566809226234,-2.0784462303882396,6.850146293122379,7.016330969108425,-12.396578695257208,-2.567413517510076,1.7836421745638198,2.291104936038428,-0.023735441574742056
951,Zakharov Function,0.001142061368714843,10000,10000,0.01832318402255347,0.001142061368714843,0.010029959810280997,0.01832318402255347,0.0003522190274485148,-0.0012874880665037143,-0.0062421546521911255,-0.007355679212135554,-0.013659174577303423,0.017935410419046196,0.0033262055142534762,-0.002666518249384261
952,Zakharov Function,0.10697478873378424,10000,10000,0.1641388676940348,0.10697478873378424,-0.13497438479488305,-0.12729643194140453,0.140341756129941,0.02372003556132163,-0.1641388676940348,-0.03334379330621606,0.11238355221278595,0.04944987454286989,-0.01431815871136996,0.0029389284137769367
953,Zakharov Function,0.22814553019062575,10000,10000,0.2848027439683574,0.22814553019062575,-0.010377692129778238,0.13379758074614978,-0.23193494275023271,-0.2848027439683574,0.1896452226128455,-0.018399428428258535,-0.1359201538103103,0.02202328203988609,0.11866388784839926,0.055336678084275524
954,Zakharov Function,0.42983616377670075,10000,10000,0.39241779314931025,0.42983616377670075,0.06444578508298013,0.39241779314931025,-0.0631055544725431,0.022626854776425676,0.30881238505195513,-0.31520293354383483,0.12777086370816937,-0.17667025858329352,0.07066341513457597,-0.07571242291038535
955,Zakharov Function,0.5148892742729373,10000,10000,0.36428881423425086,0.5148892742729373,0.037527959292201374,0.14602033479168958,0.1423366197991343,-0.3521237897723552,-0.09667519284816746,-0.3318810931753763,0.36428881423425086,0.16579378061218963,-0.20304830290437337,0.12820741076424666
956,Zakharov Function,0.021704923436171787,10000,10000,0.09504743441061396,0.021704923436171787,-0.09504743441061396,-0.04081201522738557,0.011616612363357273,0.01926473153676431,0.048513865427263145,-0.006707036031845907,-0.0018156060728150882,0.031594998509469244,0.033938636340498984,-0.05819980812413206
957,Zakharov Function,1.1935361193711818,10000,10000,0.7537083632331999,1.1935361193711818,0.17125378793461943,-0.03861085618724336,0.040301799422500784,0.11759564434175646,0.7537083632331999,-0.3925958444896104,-0.11611627983129424,-0.1994711881296033,-0.13904013101482665,0.25287761973227324
958,Zakharov Function,0.16484743301207563,10000,10000,0.19165436806249775,0.16484743301207563,-0.025051990361813326,-0.19106113564427082,-0.04896049619946102,-0.17837087772251015,0.058558307880780716,0.19165436806249775,-0.1588548583022667,0.15808286842217703,0.017867773738757177,-0.05137799840336851
959,Zakharov Function,1.1957019135416656,10000,10000,0.5358291295555466,1.1957019135416656,0.3964536642497376,0.3906954266701341,0.05852681140451613,0.49698058841709575,-0.027632818141243284,-0.0033712113487290446,-0.5358291295555466,-0.02426302966652403,0.038527260057209134,-0.06224385585059895
960,Zakharov Function,0.001340985483994382,10000,10000,0.01853341428721107,0.001340985483994382,-0.01853341428721107,-0.010068962171969804,0.00396431496341349,0.0059051474939820076,-0.0040012995177043445,0.012654144435801595,0.00562008477822964,-0.0006977930931294004,-0.009814511319922508,-0.004386024525338511
961,Zakharov Function,0.3087217634354465,10000,10000,0.3496804108951591,0.3087217634354465,0.05978728761810827,0.1434051251871102,0.17095207130932075,-0.0634445506507194,-0.2897269737314948,-0.032176548029380435,-0.17040845650207948,0.026352152627129147,0.3496804108951591,-0.09964402190604514
962,Zakharov Function,0.0005947233042379239,10000,10000,0.01103981167101102,0.0005947233042379239,-0.004114780110983154,0.007825541843124364,0.005743955483503699,0.0007186184946869015,0.004888212246536126,-0.004689534435790569,-0.010911374534508668,-0.01103981167101102,0.0015969396486687432,0.010385233556150578
963,Zakharov Function,0.0002618289666400245,10000,10000,0.008173211101518184,0.0002618289666400245,0.002796883866984565,0.008173211101518184,-0.0010391143767161733,-0.0017726824368559007,0.004446335412511394,-0.004012651749636088,0.0033802981095176904,0.004450596686307982,-0.0059718318447061144,0.0005269402468464721
964,Zakharov Function,4.472620477850086,10000,10000,1.1385505191615548,4.472620477850086,-0.0766945013847615,0.6305961029747806,0.5602035979137199,-1.1385505191615548,0.39750769424104515,-0.7612957790402519,0.9312459575167314,-0.7161944404482332,0.33212599728784326,0.13405054211512457
965,Zakharov Function,0.011614659398663442,10000,10000,0.05399702912106549,0.011614659398663442,0.03042075111713201,-0.02291322644149312,0.003630180607392952,-0.04805494394702206,-0.038805711492622096,-0.046482285516709645,0.014365889873411114,0.02331618499160011,0.05399702912106549,-0.005988720600910146
966,Zakharov Function,1.2489594631913594,10000,10000,0.897839553409312,1.2489594631913594,-0.014814510884697584,-0.16162814662002237,-0.4922912543029868,-0.014813312007369954,0.897839553409312,0.002523507475035934,-0.3718994185461276,-0.04251399765003468,0.13720673137773615,-0.07253527004984554
967,Zakharov Function,1.7869489676698245,10000,10000,0.6934017817318368,1.7869489676698245,0.10243540382803804,0.06118232744515993,0.05073657720934662,-0.5757073184215046,0.6934017817318368,-0.2278559638110719,-0.28074935785737765,-0.24716117684706362,0.4026238486762548,0.14301162219485397
968,Zakharov Function,0.06224058185528455,10000,10000,0.1644198934479218,0.06224058185528455,-0.03890017198518368,-0.08912042503110384,-0.009824426626187226,0.1644198934479218,0.031021412581766515,-0.007987634290575737,-0.040438370605962955,-0.1251260133033757,0.07394235626684173,0.0014008510286852328
969,Zakharov Function,6.028434504735586,10000,10000,1.2262096335843546,6.028434504735586,-1.2262096335843546,0.14702963737863822,0.6664619300698831,0.954973082270113,0.3833154748925579,-0.12212864180275806,0.2646924951606904,0.5372136225057524,-1.0980940171417797,-0.05594648932684965
970,Zakharov Function,10.771409995746994,10000,10000,1.944177936423547,10.771409995746994,-0.40197151343921156,-1.944177936423547,-1.491978939001819,0.688408556988445,1.2468475216422326,0.406275727513268,-1.041743732816209,0.6763973361000029,-0.2193817485215086,-0.026508940771558354
971,Zakharov Function,0.24252856134258832,10000,10000,0.285362504773329,0.24252856134258832,-0.020372756868310818,-0.12972556668784854,0.13951679022816124,0.056765625985904775,0.003395110280784673,-0.00912967254644751,-0.285362504773329,-0.1126552985595527,0.27247365268583046,0.047047079738377844
972,Zakharov Function,0.8559934780417926,10000,10000,0.5190671776823088,0.8559934780417926,-0.03202277807991133,-0.36968285076838353,-0.1501745011012198,-0.2823369083221493,-0.08252825165426525,0.12454366092490535,0.24338083699733468,0.5065855154693704,-0.5190671776823088,0.09124547286000331
973,Zakharov Function,8.462126818968871,10000,10000,1.5328295132030507,8.462126818968871,1.3517153836952815,0.5682548927563006,0.39106235423045055,-0.7691685508202564,-0.8676777572504704,0.7259389551307152,-0.09716797901177232,-1.5328295132030507,0.22729348696441012,1.1545841942245072
974,Zakharov Function,1.4468722534772338,10000,10000,0.7081648112869787,1.4468722534772338,0.6699608557468827,-0.5011913323587249,0.15579198774123185,-0.04883230140481276,-0.081529350825501,-0.7081648112869787,0.19484389743944974,0.21061809843468382,-0.03463736676381954,0.13464420801565397
975,Zakharov Function,0.10241173743249679,10000,10000,0.1910908587141842,0.10241173743249679,-0.07186893491101821,-0.07107260147902152,0.07893372768795476,0.10046669801411551,-0.1458028481758109,-0.0529606450228205,0.1910908587141842,-0.09410636374243822,-0.05040960804695553,0.039440136367950726
976,Zakharov Function,0.940165962994036,10000,10000,0.562362205718628,0.940165962994036,0.09382339952154647,0.1523505016108806,0.49307591439848325,-0.562362205718628,0.07277925752400151,-0.5342996464544749,0.03906568488166682,0.03382884409109046,0.05883113333150301,0.22312866844370566
977,Zakharov Function,30.199686961096713,10000,10000,4.073440968411585,30.199686961096713,-0.6769254323989915,2.5066029605389337,1.8112589032595348,0.45704043253074333,-0.620437373997836,-4.073440968411585,-0.06179566552418303,-0.5674427784261435,1.4246328814719886,0.766858064148628
978,Zakharov Function,18.899728070708647,10000,10000,3.194400460214591,18.899728070708647,-0.39088558133226714,0.9038282513551728,1.769817900255243,-0.9990218585843962,-3.194400460214591,0.9033208515505577,0.4258162302940205,0.306251959965121,-0.6879510999927215,0.6736936308579025
979,Zakharov Function,22.72804272996505,10000,10000,3.0854844815317892,22.72804272996505,0.16257741226239927,0.8146993628878296,1.0629799236516018,-3.0854844815317892,2.336633752581049,-2.290683297577801,-0.18230662074747173,0.44222485171008985,0.24131173202749195,0.5551279385556982
980,Zakharov Function,0.001503645084283172,10000,10000,0.022140494995303947,0.001503645084283172,0.012208078865178378,0.022140494995303947,0.020642099498994138,-0.019747052731778257,0.002766458997074563,0.0014205702083729017,0.0027492825154673585,-0.0017253236856317562,-0.0021203977364266024,-0.0048590991852136105
981,Zakharov Function,0.18750951039908037,10000,10000,0.27794559337031555,0.18750951039908037,-0.06764296828053531,0.01867501583166911,0.15039188798077752,-0.27794559337031555,-0.006885042415231704,-0.03227114246239105,-0.0791647083987371,0.25622439135051805,-0.09426303720363202,0.024050845445461624
982,Zakharov Function,0.042719865465292564,10000,10000,0.140846967939702,0.042719865465292564,0.0052770738387125805,-0.02791002337936447,-0.00021068135958861572,0.011581253865462389,-0.0017667605139883164,0.10884965833622823,-0.140846967939702,-0.03553891636120765,0.07506707100593356,-0.015336260220031213
983,Zakharov Function,0.004436536229988394,10000,10000,0.040369360998597614,0.004436536229988394,0.011391338467231837,0.005727090135766834,0.028154995686823107,-0.006308801098086424,-0.0012855939784270172,0.0342350225274898,-0.008490768877642121,0.0042635920656536735,0.01197185008533018,-0.040369360998597614
984,Zakharov Function,1.5935442715022532,10000,10000,0.9316655864142234,1.5935442715022532,0.04382746369889344,0.34820657010000455,0.22087058192518585,0.06992874256981742,-0.2966978624541666,-0.4396466583717877,0.04321271974628997,0.9316655864142234,-0.4995709238796645,-0.09796938975633565
985,Zakharov Function,9.958676498844497,10000,10000,2.302391526637218,9.958676498844497,0.6443285074055897,-0.8313164746701118,-1.0557222204336667,-2.302391526637218,0.7391060486113359,0.7251263721734664,-0.2987924316913092,-0.3639786935865345,0.38112998918502705,0.5551847444521739
986,Zakharov Function,4.069335389824062,10000,10000,1.0068036752863092,4.069335389824062,-0.6790833176133027,-0.3315653950911789,0.5301135401638392,1.0068036752863092,-0.5179581723245925,0.3193961620088015,0.8861432234853805,0.340513258397963,-0.8259871576299814,-0.4882308757433569
987,Zakharov Function,34.83481686968251,10000,10000,4.544450620989919,34.83481686968251,-0.16492434746329954,-1.20436449875408,-0.5807987549537679,0.7948992385591325,-2.538964765303314,-1.595581175216195,4.544450620989919,-1.0087026094271727,0.7312477115022125,-0.815304673920275
988,Zakharov Function,0.03750782850674507,10000,10000,0.11000169963687922,0.03750782850674507,-0.04808443194703252,0.11000169963687922,-0.00900375299310124,0.08274751124820484,0.01269111894754519,0.011611534197739838,-0.017833955172072792,-0.05413114567963376,-0.04384991801276948,0.01395796735689342
989,Zakharov Function,0.0005281589172144599,10000,10000,0.009133697556340312,0.0005281589172144599,0.0031946267059522,0.008075734927969778,-0.009133697556340312,-0.0012576166938962673,0.007404110143924315,0.001561294332495718,-0.0011743311039645048,-0.0004413272447096549,-0.00032719633969839753,0.0016379355278500806
990,Zakharov Function,55.54337346271211,10000,10000,4.321415665001569,55.54337346271211,0.7369147462931589,0.16319923811042414,2.431864126790986,-3.213038430553053,-3.0839587649829747,1.0870374297878953,-4.321415665001569,1.4469383092375405,0.8953658481422907,2.216830527808562
991,Zakharov Function,0.38587569006189354,10000,10000,0.2552856675683655,0.38587569006189354,0.03068281289366004,-0.2552856675683655,-0.05973832738613952,0.10081840035628925,0.10299959275599152,0.17467895047002752,-0.16372805623352776,0.023824718960860775,-0.12111745853276265,0.15621418090672995
992,Zakharov Function,1.472113274711662,10000,10000,0.7162219581722821,1.472113274711662,0.21418166143205175,0.6428395347993976,-0.49159639234564545,-0.4392901646990534,0.7162219581722821,-0.057729387408705535,-0.1171130508645889,-0.14595282079905866,0.012511755919999631,0.06683122825029718
993,Zakharov Function,0.00014845132717728897,10000,10000,0.005902032942352414,0.00014845132717728897,0.003993236087524535,0.0009349548283637767,-0.005902032942352414,-0.00396264512437623,-9.396941504127409e-05,0.0010650474024777009,0.002354462463174274,0.0018384356962753191,-0.005426555380586815,0.002778565156613579
994,Zakharov Function,2.112120128224518,10000,10000,0.8223953077573455,2.112120128224518,0.5873700814382758,-0.23716908672930392,-0.3197245614424994,-0.8223953077573455,0.4833071807912155,0.36224323674142667,0.3062984080481058,0.21627226938105013,-0.6375795486558731,0.1426055620749398
995,Zakharov Function,0.05817713737318884,10000,10000,0.13196122046935463,0.05817713737318884,-0.012172200951886715,0.11897318000273716,0.09015656217199669,0.006174126285750817,-0.014646837728842389,-0.13196122046935463,0.026972815437940834,-0.05371282114227047,-0.05409971828608316,0.09871981308587612
996,Zakharov Function,0.009930073287846045,10000,10000,0.05235704163527499,0.009930073287846045,0.008035642156448093,0.036306854195899546,-0.022529901933996482,0.013215423351618795,0.022614891868242247,0.05235704163527499,-0.05222641720909896,-0.032890972372401385,-0.003292258151061515,0.0113733355515353
997,Zakharov Function,0.0004990220529269466,10000,10000,0.010743698534914116,0.0004990220529269466,0.009865751256159926,0.004247249016861179,0.003954606519272841,-0.010743698534914116,0.007843265939607722,0.006117971097716212,0.006837872048383155,-0.002684877834327814,-0.0007752161797152371,-0.009075658450805756
998,Zakharov Function,0.20410450795095036,10000,10000,0.3184204463691314,0.20410450795095036,0.008053672764156283,0.014797528250723196,-0.09490134812598672,0.07357078261922015,-0.0016276202051764208,-0.04528345154410863,-0.17113364995589844,-0.20257737121289976,0.3184204463691314,-0.006247111259521536
999,Zakharov Function,1.229523360837246,10000,10000,0.6093087292209877,1.229523360837246,-0.05447628416317496,-0.13733488737871125,-0.21857403572802014,0.6093087292209877,0.28840799513404614,0.599040482317653,-0.4734462061240321,-0.3476413301217194,-0.016543568668563824,-0.028986577377681844
1000,Zakharov Function,0.06455810622308031,11000,11000,0.11294543147046388,0.06455810622308031,-0.0025403729665846586,-0.04001724703635989,-0.01955253748680645,0.017692980231917767,-0.029661873394579395,0.009007693651080347,0.06337794498912552,-0.023949779141766214,0.07290600150091502,-0.11294543147046388
1001,Zakharov Function,104.37495222399629,11000,11000,6.474323897236644,104.37495222399629,-2.1440497912222622,0.1218762773173182,-3.0180907214966393,-6.474323897236644,0.3997264491970758,5.307908691601186,-3.191870128381209,-1.1991524788810342,2.3720784764527894,1.5090195246541263
1002,Zakharov Function,2.9680764093827454,11000,11000,1.171287123572351,2.9680764093827454,0.169555238799857,-0.037953183567761145,-0.761498455491892,1.171287123572351,-0.5640304760544297,-0.14370040771325676,0.3790878629213441,0.13882324093318166,0.010377364301432074,-0.14970407358544618
1003,Zakharov Function,0.004162856508988091,11000,11000,0.033967418945125956,0.004162856508988091,-0.007437274644500749,-0.033967418945125956,-0.009594432097863351,-0.023123788752992504,0.0164967576878531,0.028980427415729176,0.02787634855061894,-0.00925031877150691,-0.010357560522661815,-0.005860113730017311
1004,Zakharov Function,0.24199081713051784,11000,11000,0.28459518737673606,0.24199081713051784,0.14360749998306221,-0.28459518737673606,-0.14759784925391475,-0.0715346890165939,0.2507719217010765,-0.08130995617052106,-0.09042373463309905,-0.01669430859324228,0.06645971633347081,0.08611921151248786
1005,Zakharov Function,0.11574878185834517,11000,11000,0.2892576668005865,0.11574878185834517,-0.13876336248681823,-0.2892576668005865,0.01108205061155057,-0.0019746551422526876,0.001213546224110843,-0.007322423561237877,0.03623400406838939,0.02005545321791355,0.05375104082866716,0.001053733356722722
1006,Zakharov Function,1.364631313936065,11000,11000,0.7419989873587178,1.364631313936065,0.22536379068614548,-0.3965027996223156,-0.48038671138141464,-0.2576351417798714,0.7419989873587178,0.23282231503550496,-0.3842836822949932,0.11182270966082475,-0.18560006177841742,0.09574898994997495
1007,Zakharov Function,0.009306671334381398,11000,11000,0.04757864205681423,0.009306671334381398,-0.00227193557973774,0.04757864205681423,-0.04179686357561975,0.03269881265860995,-0.02743701805271114,-0.04015429575625867,-0.000675436554210122,0.024431915115088052,0.024720694034177607,-0.0171082411899443
1008,Zakharov Function,1.570254660312562,11000,11000,1.038120487333801,1.570254660312562,-0.11166486835626246,0.18509688366667748,-0.369092069546726,-0.19297472273895896,1.038120487333801,-0.3928595893429667,0.14398344591723555,0.10110019454953544,-0.011204735347162872,-0.294719622639031
1009,Zakharov Function,0.02094922115399211,11000,11000,0.07197854042169853,0.02094922115399211,0.06345044663293745,-0.007547699236185576,0.05630733714308839,0.07197854042169853,-0.012702851836380258,-0.027018593464126522,0.012893456903989312,0.04956848247504043,-0.0668750664774842,-0.012608088759598686
1010,Zakharov Function,8.484715271395358e-06,11000,11000,0.0013540139658881358,8.484715271395358e-06,-0.0009663053254073146,-0.0009173130082382702,0.00019030758127790734,0.0013540139658881358,-2.3941953525588328e-05,-0.0008801294502623444,0.0009988216051410488,-0.00039745603526723187,-0.0009429837021546555,0.00041719521040132134
1011,Zakharov Function,0.06844332892203393,11000,11000,0.17097741304310643,0.06844332892203393,0.032305481599533385,-0.05095280328397303,0.007984210157352824,-0.17097741304310643,0.09875984179700714,-0.07185389423056307,-0.032543298161206366,0.07397947760047793,0.03806887725515439,0.018055080774524907
1012,Zakharov Function,0.009979748047585703,11000,11000,0.05145053193155405,0.009979748047585703,0.05145053193155405,0.030430251236186666,0.021137408265341696,-0.01884740778956384,-0.012042607413033427,-0.004400203939039806,0.032222001155616166,0.005493772938199867,-0.019919057207797027,-0.022178336505965186
1013,Zakharov Function,0.421130427469717,11000,11000,0.3277993796760707,0.421130427469717,-0.14347743984201003,0.1280396812367189,-0.22357847885295212,0.05300696948095516,-0.3277993796760707,0.18825664197465433,0.034772282289770556,0.0871200764575163,0.05101152001639919,-0.12937433776082202
1014,Zakharov Function,0.08318424175140268,11000,11000,0.1676099720555435,0.08318424175140268,0.01714714417292173,0.02491203341438758,-0.056262908674959644,-0.09588562766661493,0.1676099720555435,-0.10324067791226771,-0.03302528711529107,0.1268626780081953,0.0002763712279416977,-0.07079521093657591
1015,Zakharov Function,0.058263571722914395,11000,11000,0.15362939023823324,0.058263571722914395,-0.06434181203667577,-0.008025744823007767,0.08130650724955354,0.022644250268027827,-0.07149540656844333,0.15362939023823324,-0.05747629592827595,-0.08716320191592544,0.04346240016655029,0.003690337954446482
1016,Zakharov Function,1.9583052786368154,11000,11000,0.9649975320027792,1.9583052786368154,0.40121085397550804,-0.18869846771552856,0.2918777942746067,0.18400470797518698,-0.5099041845002127,0.9649975320027792,0.13936435512245515,-0.34634995540235725,-0.3043067737630846,-0.1178505991240226
1017,Zakharov Function,7.625478113809018e-05,11000,11000,0.00589644208710618,7.625478113809018e-05,0.0027274600485617537,-0.0024624078109139356,-0.00589644208710618,-0.0007585367302142551,0.0017983297001137213,0.002750789826581586,-0.000631351881496057,0.0021457898665604323,-0.0019557587639074283,-0.00032608551220511745
1018,Zakharov Function,1.3072804428391418,11000,11000,0.4949161864003113,1.3072804428391418,0.40255648465529614,0.35624580979125886,0.20319829169800308,0.22116974896299346,-0.10418001857742276,0.13046436172255257,0.3426593888520031,-0.13986791783653651,-0.04743068332188959,-0.4949161864003113
1019,Zakharov Function,0.04309294392723616,11000,11000,0.14194968075909384,0.04309294392723616,0.025653175079574535,-0.0165965529439053,0.14194968075909384,-0.014733607231901164,-0.08001580273752738,0.07097927065439989,-0.0024423324555038067,-0.06192606413226652,0.03705785683440308,-0.033289400075275935
1020,Zakharov Function,7.743221083749426,11000,11000,1.6941952443953479,7.743221083749426,0.34410751273781925,0.4369437578256785,1.0487043097290176,1.3410164403359373,0.2599514450834624,-0.6975600384625895,-1.6941952443953479,0.6809748761548013,-0.07308883139916589,-0.1097135519598169
1021,Zakharov Function,0.02738778520283,11000,11000,0.0945116674277558,0.02738778520283,-0.005810472289584579,-0.03175863556174896,-0.0945116674277558,-0.07505369099747636,-0.012476734559812002,-0.0012380239636553018,0.016172796649281874,0.0009733241244555164,-0.021906011972653926,0.06339403924077566
1022,Zakharov Function,3.6669443651408784,11000,11000,1.4330497308090222,3.6669443651408784,0.5397838920737688,-0.33743591372240245,0.08547808909308363,0.46689095956070814,0.09309518725204163,0.2021420303466812,-1.4330497308090222,-0.24775251240689067,0.8876889886701103,-0.01997943047890545
1023,Zakharov Function,0.8463978715743279,11000,11000,0.5456625431621236,0.8463978715743279,-0.06255036640213447,0.3640348146448187,-0.5456625431621236,-0.057338242677585624,-0.159105855320736,0.23403966742802673,0.20587218995731668,-0.4681851305949364,0.1144286146326867,0.1519216313614125
1024,Zakharov Function,0.557516774835877,11000,11000,0.38102989822763567,0.557516774835877,0.06533026230684032,0.22664078743093763,-0.3583095636301593,0.17875196331618093,0.13381028519181884,-0.013822452663464851,0.19972402686512625,0.1575059058819321,-0.38102989822763567,-0.06058366711527559
1025,Zakharov Function,0.018991626609188933,11000,11000,0.07704988857130952,0.018991626609188933,-0.013311720581148136,0.010956086625209619,-0.018585033598142647,-0.0058303113171839505,-0.017576842253610427,-0.07704988857130952,-0.05028398207400664,0.06852788604600339,0.04514538178818393,-0.008628407050932686
1026,Zakharov Function,0.004493188188286124,11000,11000,0.046176620114172,0.004493188188286124,-0.046176620114172,0.03457390937880565,0.005067495556508493,-0.010502499748619963,0.01923491167167626,0.008679736161779594,-0.009807115107999791,0.007081919094313022,0.0044750873763298085,-0.014360309456676426
1027,Zakharov Function,5.0058644575152884e-05,11000,11000,0.004004805871312345,5.0058644575152884e-05,0.0017904110334879789,-0.004004805871312345,0.002180896247939125,-8.610776025206766e-05,0.003827761178444223,3.81496979494321e-05,-0.0026519232887620052,0.00042136815719552947,-0.0002505752833334256,-0.0005792199449794755
1028,Zakharov Function,3.8844526529359427,11000,11000,1.0743357966439788,3.8844526529359427,0.4780984645639144,0.002701112643131727,1.0743357966439788,0.08748763893480616,-0.2844173987916757,0.5903336947631486,-0.8495245334589551,-0.7117619975462599,-0.3042713146961778,0.8495945307011439
1029,Zakharov Function,0.06681448049441571,11000,11000,0.1515625608380883,0.06681448049441571,0.10990763115503786,-0.0551011540812647,0.14936664326264606,-0.004194154236900258,-0.04951691612257321,-0.1515625608380883,0.012074777909890824,0.01828190149435044,-0.009580039946736577,0.05810075129654033
1030,Zakharov Function,2.8970017240650767,11000,11000,0.9944800727881024,2.8970017240650767,0.16412973165704492,0.24718997322687739,0.4391571284739546,0.7023653870077445,-0.5551329421629325,0.7172744107976216,-0.10409301997438675,0.09481128647492987,-0.9944800727881024,0.16767246498393157
1031,Zakharov Function,16.001576340654438,11000,11000,2.5361653012253043,16.001576340654438,1.0323844651406326,0.7224861083648706,0.28972122274048706,0.08981533686827481,0.18704633828528427,-0.8154046912561217,2.5361653012253043,-1.9360534562660177,0.5367948363200123,-0.4575400262000717
1032,Zakharov Function,0.010485131101415355,11000,11000,0.058530336115267326,0.010485131101415355,0.01661807515020446,0.03965927838757839,-0.016848747449245763,-0.012613129866090131,-0.017537956618571663,0.058530336115267326,0.038346133970553836,-0.014834394765444847,-0.00853410786337138,-0.023929891074064603
1033,Zakharov Function,2.1273724451851133e-05,11000,11000,0.002839731776375612,2.1273724451851133e-05,-0.000519793767424781,-0.0007560080145658521,0.00010309962840144443,-0.002839731776375612,-0.00013059705496087692,0.0013451492743716377,0.001732578561415261,-0.00014105033572122912,-0.0022010353783088205,0.0015498106556581523
1034,Zakharov Function,0.04078717393484047,11000,11000,0.08700396713845097,0.04078717393484047,-0.0272504218666237,0.005113814525216295,0.06714451412806166,-0.03680903077854199,-0.04992136541630837,-0.03497029610276842,-0.0012081740182857958,0.060618854796387595,-0.0773152664829962,0.08700396713845097
1035,Zakharov Function,0.03192566851233152,11000,11000,0.08721287965131645,0.03192566851233152,-0.02137189028244459,-0.07677312033903211,-0.04225533650733714,0.06515425989331303,-0.017975483942172465,-0.08721287965131645,-0.028954314313464347,0.05037310804435488,0.03167646483276243,0.032552551604542346
1036,Zakharov Function,3.010288877887014e-07,11000,11000,0.00034046856461233586,3.010288877887014e-07,4.975218248806079e-05,0.00010886042347586024,-0.00010007850219824287,-0.00012003697279979542,-6.741764133649488e-05,0.00022812458978409335,3.2767637759643754e-05,1.5051985467342009e-05,0.00024398821464433935,-0.00034046856461233586
1037,Zakharov Function,0.20385750995108665,11000,11000,0.21567102402676397,0.20385750995108665,-0.15611941981053823,-0.0945998860517537,0.21567102402676397,-0.10302639214823742,-0.09523335321316853,0.00332909149239579,0.11768821280486655,0.006068968665732144,0.1746219571281963,-0.1496662611246345
1038,Zakharov Function,0.6128693315475843,11000,11000,0.4049413493516669,0.6128693315475843,0.4049413493516669,0.16786443558095962,0.26095550118554456,0.03241438523807516,-0.06253645070989432,-0.38425222385363633,0.01585567369006481,0.005049228860231902,0.3078483497789011,-0.13940093513188895
1039,Zakharov Function,3.284117299914741,11000,11000,1.3902478056582526,3.284117299914741,-0.08764070912510331,-0.2533365942815525,-0.15616852950374327,1.3902478056582526,-0.6589619179865254,0.026589058744836802,-0.7531863299657089,0.13362133655358258,0.37652003914691634,0.0037747064870021635
1040,Zakharov Function,2.915796664234757,11000,11000,1.1126861664464367,2.915796664234757,-0.023908996522524983,-0.5127837440479537,0.10573741147203097,0.49035938419469893,0.5513996027698038,-1.1126861664464367,-0.05948536246891184,0.4765495122353953,-0.11170373667939465,0.15901516900135293
1041,Zakharov Function,0.11649840403699592,11000,11000,0.260180980066478,0.11649840403699592,-0.04304127050212364,0.11432184382855701,0.007776700247823162,-0.260180980066478,0.06713029303236179,0.021380104694396607,0.009637349920953997,0.07904922306213412,-0.10979046758072111,0.07866083120964627
1042,Zakharov Function,0.0005290826017626631,11000,11000,0.012048718898918183,0.0005290826017626631,0.0012154750526471667,-0.001745825304642859,0.003626125951643259,-0.002356666812583976,0.01065623962894276,0.012014529897930663,-0.006491796511249188,-0.0025241035344361834,0.005846117418786837,-0.012048718898918183
1043,Zakharov Function,0.18704430642056788,11000,11000,0.33655346990397556,0.18704430642056788,0.02211811256696647,0.004088919027490014,0.14365874160340528,0.013904009497315267,-0.33655346990397556,0.18054097822211748,0.059191929111629696,-0.0457648040169944,-0.0626369191165366,0.0413302021038322
1044,Zakharov Function,0.13333248516939475,11000,11000,0.2879327336070246,0.13333248516939475,-0.02364026745975474,0.03940587282738549,-0.11750205790319368,0.010078552721902605,-0.14339353128345744,-0.008773617807898038,0.2879327336070246,-0.021933002533608477,0.012455945206040937,-0.07534912184559064
1045,Zakharov Function,0.039219013774120653,11000,11000,0.10995214200786417,0.039219013774120653,-0.08978097049908881,0.040267858150562136,0.0751107577190756,0.04546263506193618,0.07545291704162846,-0.017222771044038465,0.010686257384203979,-0.10995214200786417,-0.03297918029235898,0.04676977462301814
1046,Zakharov Function,0.4357539038759796,11000,11000,0.4055376979561509,0.4357539038759796,0.10747087023033601,0.020416798923845916,-0.060739648076388375,0.3493493398047068,-0.4055376979561509,0.030156459488063544,-0.23686867149453789,-0.020665745387226542,-0.047121550004874294,0.2718255877320509
1047,Zakharov Function,0.0025596605470957342,11000,11000,0.029429405748712736,0.0025596605470957342,-0.01238386893879876,0.01857609108816729,0.014406155297026138,0.029429405748712736,-0.010522932850082267,0.013049203157149709,0.010185944260843845,0.00015576256801188171,-0.022283148900977004,-0.009248983244857244
1048,Zakharov Function,5.005063572438903,11000,11000,1.9146934730074676,5.005063572438903,-0.1631812141924927,-0.38702211124723923,-0.09358466904372076,0.07405993273340414,-0.09009655730225574,-0.6322717689306585,1.9146934730074676,-0.31389958930563455,0.22305438946683165,-0.7215303602000428
1049,Zakharov Function,0.4158401040317042,11000,11000,0.2836595862579521,0.4158401040317042,0.10542812884579914,0.2836595862579521,0.0001940395214081181,-0.10257037702513003,0.2437855073438917,-0.24222385207439784,-0.08562853233890598,-0.09874659641258722,-0.0307317893758743,0.08675505089989653
1050,Zakharov Function,0.0003471665395084097,11000,11000,0.009241488727209349,0.0003471665395084097,-0.007727547192062152,-0.004146754531223474,0.009241488727209349,-0.00523393092029195,-0.0005429320637856186,-0.0043343522233295784,0.004907443192129112,-0.00660315535203785,0.008039558014198242,-0.001904657012879037
1051,Zakharov Function,0.004390087434149153,11000,11000,0.028840246019557324,0.004390087434149153,0.028430798337978368,0.020704940675823028,-0.0192023735746873,-0.021162833944556765,-0.001531581896447409,-0.009858999758307257,0.025881943115230906,0.028840246019557324,-0.02694022197718248,-0.0030749713936289932
1052,Zakharov Function,0.061027160445448696,11000,11000,0.1551643151885683,0.061027160445448696,0.03037311166716755,-0.1551643151885683,0.02746799480020906,-0.008242551656806953,0.11833195766684693,-0.12250629671955983,0.0607890949039753,0.03691076525035336,-0.026353735612692088,-0.006999710918985781
1053,Zakharov Function,0.17671408745234013,11000,11000,0.1761393360221574,0.17671408745234013,-0.11936395814842472,0.0023307993514500303,-0.09015898884164186,0.16850417404543372,0.14112562737228412,-0.1761393360221574,-0.09678274734089387,0.12272083134442326,-0.05487633210459297,-0.017330048290659594
1054,Zakharov Function,5.204079847414345,11000,11000,1.201425991380626,5.204079847414345,-0.10123582508917686,0.2586301628095603,0.8795020169729472,0.3743684629974712,-0.7405689831559827,-1.1085928690979516,0.14927336757721352,-0.7054493338812464,1.201425991380626,-0.1569966287639072
1055,Zakharov Function,0.002209537265305294,11000,11000,0.023779506045988497,0.002209537265305294,-0.0004988852851817681,0.002030911161091261,-0.019811797521283186,0.02145949023448969,0.0049448483155349506,0.017769310524171966,-0.023779506045988497,-0.007111520238930996,-0.0006696145967311669,0.010218461833804846
1056,Zakharov Function,5.0667955411358365,11000,11000,1.1318351741368584,5.0667955411358365,-1.1230974536265115,-0.6807116474036026,0.18865932846538813,-0.09739196811844264,0.20557145267942523,1.1318351741368584,-0.8437651169876679,0.5021856149720996,-0.8774124184507566,0.3652149640324074
1057,Zakharov Function,0.5695914770709651,11000,11000,0.47157281245687666,0.5695914770709651,-0.15656882782450093,0.47157281245687666,0.09644371590905995,0.2519968410634882,-0.06457794895369376,-0.1532145355120056,0.21249439424422917,0.0084087788817553,-0.16263122651816006,-0.020454051743992965
1058,Zakharov Function,0.022037885024100635,11000,11000,0.04767666591218605,0.022037885024100635,0.04767666591218605,0.030896344469618017,0.001169539916939976,0.016428901229569005,0.002613205871271394,-0.03616371159736524,-0.042184170115898256,0.010050622241206245,-0.012844309282462218,0.011212335408859561
1059,Zakharov Function,0.0003811436393356455,11000,11000,0.012958607851619107,0.0003811436393356455,-0.0025472205705508247,0.0015148926791243977,-0.002721609067461696,-0.0025286909292284235,0.00088055603515063,-0.010947147181207149,0.0022094026100228908,0.012958607851619107,-0.007357563286572346,0.002103016642254882
1060,Zakharov Function,7.244897391021557,11000,11000,1.8948419019993146,7.244897391021557,0.058916663655694264,0.2958738754648349,-0.5207443481860405,0.9942132816578898,-0.5811271752769155,1.2532126001884776,-1.8948419019993146,0.4584289261016311,0.3876046371990754,-0.17200635103935757
1061,Zakharov Function,5.08675860116893,11000,11000,1.451066008834285,5.08675860116893,-0.2694133450717179,0.22583704505171792,1.451066008834285,-0.07965690956116732,0.49657082996781476,-1.1603529195028086,-0.5609235274001275,-0.09361242579801458,0.7894577952124499,-0.1187686111517402
1062,Zakharov Function,13.343055435753644,11000,11000,2.271765511335823,13.343055435753644,0.7156796680647507,0.331277129368434,-0.3828253249741894,0.45799798487391274,-2.155484382934214,2.271765511335823,0.5716306900306654,0.570222171316886,-1.050759345900891,-0.5255247072192586
1063,Zakharov Function,3.7528626999230004,11000,11000,0.889902361418508,3.7528626999230004,0.889902361418508,-0.2756699217586772,-0.3457438338473049,-0.5688678278627122,-0.74313121712478,0.15710350897811065,-0.49525911308672366,0.7205790278621673,-0.4283920800586787,0.6047869653280078
1064,Zakharov Function,0.01671323510372367,11000,11000,0.07282371031799792,0.01671323510372367,-0.017975638659808807,-0.006298959225415746,-0.07282371031799792,0.07166652273830007,-0.03138663608908257,0.048860827970471504,-0.0006232890294630006,-0.03799739395431474,0.014308244871979799,-0.005296534538327763
1065,Zakharov Function,0.0037329959555900253,11000,11000,0.02892834694480413,0.0037329959555900253,-0.014784722076663745,-0.010209938128175826,0.02329464714495489,-0.01788299948497534,0.0009968883362938274,0.02892834694480413,0.01611330008304375,0.015416487866992807,-0.018852185911518687,-0.02413104969870438
1066,Zakharov Function,0.04505627542643923,11000,11000,0.1448708741871876,0.04505627542643923,0.01479117170199206,0.008165782201880547,-0.1448708741871876,0.07652698382666395,0.044197244254390616,0.08658958018719201,-0.07903756916610262,0.00021983412530340342,-0.021385093565504755,0.0016793398168963298
1067,Zakharov Function,0.043586268658074294,11000,11000,0.11392874445629303,0.043586268658074294,-0.025061921744807314,0.0363686400752881,0.0309382935951317,-0.007222243859592636,0.11392874445629303,-0.016210704773917062,-0.033370055769835996,0.01718800164008999,-0.039684640349882234,0.01760945286581732
1068,Zakharov Function,0.08872908628738332,11000,11000,0.1318729287067711,0.08872908628738332,-0.08821124274036442,-0.04973489251524163,-0.0070272501405082635,0.033508467855205365,-0.11168458027047495,0.05044339790624368,0.05546293321081834,-0.05958379543360115,-0.05922737613706844,0.1318729287067711
1069,Zakharov Function,0.0022361486998583057,11000,11000,0.021946882526575253,0.0022361486998583057,0.010246838617204934,-0.01502987540852094,0.021946882526575253,-0.015375172400817625,0.008849812381216621,0.012358877715529366,0.020405806149884603,-0.012870141869165396,-0.01909025969308553,0.002543275500083493
1070,Zakharov Function,0.01092249084040252,11000,11000,0.05202301017553779,0.01092249084040252,-0.007463040232841424,0.014585196967606583,-0.006073382397619712,0.050099542984230305,0.04397730393596278,-0.009561319574111674,0.036897520764491466,-0.035128194652292395,-0.05202301017553779,0.007051933757953141
1071,Zakharov Function,32.02320850967244,11000,11000,3.1866282201292133,32.02320850967244,-0.11849315062789267,-0.7489736302089447,-2.7909269847158256,-0.7064886566520705,-0.5495607132863957,2.323718999501745,-0.13056332633532142,-2.6386795840271624,3.1866282201292133,-0.43403286005386593
1072,Zakharov Function,0.29322042131465337,11000,11000,0.37501448715224295,0.29322042131465337,0.006578982770380366,-0.16619944908986067,0.23390437483618082,0.15474904467356307,0.023002934399205324,-0.37501448715224295,-0.05330920255962823,0.023905944393852865,0.1482774319752223,0.026514845206341967
1073,Zakharov Function,0.0003501274157730501,11000,11000,0.011481046339099493,0.0003501274157730501,-0.00241424860627437,0.004308616452670583,0.011481046339099493,0.0008100156386174192,-0.010672977204393648,-0.005546493436323624,-0.00038943685758833666,-0.0015496561028209557,0.005267538065626032,0.0001929012378235832
1074,Zakharov Function,5.835244306794933,11000,11000,1.6039120603498782,5.835244306794933,0.30230970828992776,0.7844763344358336,0.5102538264690083,-1.0329960491735146,0.34509321989971853,0.11081931001968609,-1.6039120603498782,0.5137086883402363,-0.19573356389500451,0.6085149622877358
1075,Zakharov Function,3.4080064993315418,11000,11000,1.1033531453204182,3.4080064993315418,-0.4393521237321034,0.0748057942000766,0.08335733364749759,0.4068673107647923,0.5133851277325935,-0.79846069593313,0.9123726839360178,-1.1033531453204182,0.028393165666735887,0.28947595368017476
1076,Zakharov Function,8.636942269952966e-07,11000,11000,0.0007235482032675025,8.636942269952966e-07,2.8700362773919296e-06,-0.00035506962772961976,-0.0007235482032675025,0.00015312341098082908,-4.7911873991053516e-05,0.0002009674016678036,0.00016623341930465204,7.404017593415168e-06,-3.769140374978225e-05,0.00010709146997502192
1077,Zakharov Function,0.09864389223980474,11000,11000,0.23635699679698632,0.09864389223980474,-0.02524277749859466,0.1114207592998967,-0.23635699679698632,0.003099804827203914,0.003281311722698863,-0.06572563834114656,0.09294609715996624,0.11298586072803923,-0.011316671234188877,-0.05028692463599903
1078,Zakharov Function,0.0005486462321357804,11000,11000,0.014870343697546308,0.0005486462321357804,0.010055606528758695,-0.004994022106974069,0.014870343697546308,-0.004477375477172718,-0.001662509610967599,-0.007766505180959133,-0.005035012983613696,0.008818910577381137,-0.0015976662419548912,0.0013775576964269124
1079,Zakharov Function,13.613084353742895,11000,11000,1.73618800175686,13.613084353742895,-1.517030224304885,0.364579879200035,-0.21670059418950482,-1.586112886178627,-1.641855116283236,-1.3292046725361937,0.5442305293417271,1.73618800175686,0.8998125264461154,-0.16933155713820677
1080,Zakharov Function,0.00013338500137590804,11000,11000,0.007008033552342051,0.00013338500137590804,0.0012937249915147692,-0.007008033552342051,0.0009262233884055797,-0.005291450740402276,0.005023578704672311,-0.002298175034251041,-0.0010236130309001826,0.0004884951714432938,0.0010440868309098015,0.0004555146160365297
1081,Zakharov Function,36.131906324726856,11000,11000,4.153352770735177,36.131906324726856,0.432790807108247,-0.8258971158630017,-2.272961416266421,-0.7449165262658133,2.07409099337003,4.153352770735177,-1.3745406382353202,-1.8715200063559196,0.5379629259594481,-0.6482383895587416
1082,Zakharov Function,0.5128107722933886,11000,11000,0.39345703694777134,0.5128107722933886,-0.12983395808683945,-0.038741381950713305,0.10351598054560363,0.010416434426562371,0.32955737599002266,-0.266945214818081,-0.39345703694777134,0.15467336915108876,-0.1889365594599654,0.2841860719844639
1083,Zakharov Function,0.0070244731244703314,11000,11000,0.05755668503260444,0.0070244731244703314,-0.002986222488449864,-0.017494709656787514,-0.002729016256082831,0.012922491801142036,0.005286199533431649,0.05755668503260444,-0.038216399520782846,0.021086310146131996,-0.03062439804480813,0.003400619670547482
1084,Zakharov Function,0.04562773762879726,11000,11000,0.09179118312881673,0.04562773762879726,0.05620364226229406,-0.029472645431029235,0.09179118312881673,0.007135220961776599,0.050805458018040095,-0.026646397604112915,-0.009426470067932322,0.008883457639241832,0.017538458885131905,-0.02231614024141402
1085,Zakharov Function,0.34770836655742027,11000,11000,0.3078816847132169,0.34770836655742027,0.03992192921566706,-0.28203217108295714,-0.019692507209603194,0.3078816847132169,0.024843772583996615,0.10888443961915915,-0.14991613550427602,0.10545004872315478,-0.23793936495308024,0.13593181938334625
1086,Zakharov Function,1.3676937087231984e-05,11000,11000,0.0029480587715121913,1.3676937087231984e-05,0.0029480587715121913,-0.0004903911561832895,-0.0002252466936016439,0.0007998841160348309,0.0005479028639926125,-0.0002820842385193791,-0.0014842518736187557,0.0005923613364105729,5.2628086978664165e-05,0.0001725886595823004
1087,Zakharov Function,2.9523716088526646,11000,11000,1.0066285864718107,2.9523716088526646,-0.0376175100681045,-0.19771728688335383,-0.3333875704603942,1.0066285864718107,0.1368216423473726,-1.004282746209414,0.5275360311730098,-0.4488944861677856,0.32548256286113525,-0.10392123776987719
1088,Zakharov Function,0.255613603154637,11000,11000,0.26711483620163523,0.255613603154637,-0.03616167546841184,-0.013046547572529987,0.11267756331629625,-0.07783251228339802,0.07283596546197908,-0.26711483620163523,0.13807686647578155,0.17284484619430224,-0.20922013565944464,0.031265044395684075
1089,Zakharov Function,0.8979489212772106,11000,11000,0.6020319600816839,0.8979489212772106,0.135253355843317,-0.028150615253000374,0.15812783828966892,-0.6020319600816839,-0.4440346403505083,0.3746013215712919,-0.1650534228263651,0.10906809285371553,0.1946527039117706,0.08686464544818852
1090,Zakharov Function,0.03365184738947259,11000,11000,0.08516287345441248,0.03365184738947259,-0.010598467978720633,0.019136654673242284,0.012068747018423337,0.08516287345441248,-0.0077753597228321335,0.019220231881295305,-0.0681092790901826,0.08456349934457225,-0.025587393858825982,-0.06376059738789847
1091,Zakharov Function,0.023597634611934735,11000,11000,0.07283446522084354,0.023597634611934735,0.07283446522084354,0.0035268811411958926,0.0019146190717542373,-0.0649264759370547,0.035953148727718764,0.06041870548031794,-0.03398173827330503,-0.015962597676553072,-0.04757431290189881,0.02901503840971431
1092,Zakharov Function,1.7636735538876478,11000,11000,0.7058245981954794,1.7636735538876478,0.36164728631212456,-0.2825836350606102,-0.056019279429800256,0.38408887406597003,-0.6806707061528161,0.3678084252088658,0.4678512529959393,-0.7058245981954794,0.13654929964148294,0.06854103387586877
1093,Zakharov Function,0.23561913052936567,11000,11000,0.285720485868881,0.23561913052936567,-0.21170595409479592,-0.0401960392010844,-0.17214647862512564,0.285720485868881,0.08260720496603875,-0.19675876478111454,-0.02180321156509087,0.11262127445836051,0.07239830255562268,-0.07918799615535604
1094,Zakharov Function,0.009371446740167141,11000,11000,0.06898508137754437,0.009371446740167141,0.02897331108545967,0.011747088420045439,-0.02227878965264535,-0.01776954336670671,0.0006265344710010001,-0.014911544650087302,-0.013294186213385649,-0.023986577801517,0.06898508137754437,-0.007971693425866754
1095,Zakharov Function,0.011955094999681743,11000,11000,0.052894216452052396,0.011955094999681743,-0.03799394454352614,0.009109489597817506,0.01727633511873851,0.0226996241835528,-0.008024041122790416,0.03504865527606572,0.052894216452052396,-0.04114635600284226,0.020134184180653863,-0.04376500590268272
1096,Zakharov Function,0.7871812782509426,11000,11000,0.4313419040924098,0.7871812782509426,-0.30961210460106003,-0.16542498457523125,0.29552913845048423,0.32940614753167397,-0.14417157360078123,0.016802203057675824,-0.22266574561510005,-0.2720772103802227,0.4313419040924098,-0.1717359943716073
1097,Zakharov Function,0.26320817790535833,11000,11000,0.3212054810576645,0.26320817790535833,-0.003985333011615522,0.0801473741693065,-0.11332264546378662,-0.037986941319660426,-0.18787761768535824,-0.12041103723182411,-0.3212054810576645,0.07419644486143254,0.22894348635715717,0.16972653406396207
1098,Zakharov Function,0.10574912813024333,11000,11000,0.19688276763109405,0.10574912813024333,-0.06574485811976571,0.11937671864358654,-0.19688276763109405,0.13768955936454222,-0.12455865512214295,-0.011936630107491894,0.06777177396576872,-0.068831527308995,-0.002637586615043222,0.06671569395296306
1099,Zakharov Function,10.073998899992215,11000,11000,1.8673504895036117,10.073998899992215,0.2475681193232004,0.030142899321500327,1.8673504895036117,0.4504615719714651,-1.8127810466576402,-0.4336830968234875,-0.8335332464153058,1.403114764016141,-0.04697759985631302,-0.17442521454026844
1100,Zakharov Function,0.33918578733933125,12000,12000,0.42414813487754033,0.33918578733933125,0.004343435135582396,0.05673606504437172,0.23744342776007635,-0.036879194297819495,-0.42414813487754033,0.19823386842406499,0.1806296413998878,-0.00522350726382763,-0.08735315095949545,-0.044446761255896125
1101,Zakharov Function,1.0252550994290148,12000,12000,0.516906711131964,1.0252550994290148,-0.35152598053900436,-0.20340846218920117,-0.04255588626699175,0.40990969858609433,0.16250888727000828,-0.45020592102699764,0.020666952895547763,0.516906711131964,0.0027621358018592723,-0.2482192343717215
1102,Zakharov Function,0.016469465963530043,12000,12000,0.07983278215215137,0.016469465963530043,0.03996129834423782,0.01658037732228046,-0.07983278215215137,-0.004207643358618125,-0.004839812472660021,-0.03634123145758422,0.011783073108019765,0.04307469674256259,0.04309840113492994,-0.029738189744745458
1103,Zakharov Function,0.15789814321954299,12000,12000,0.23689603491282205,0.15789814321954299,0.06219777088584211,-0.14178646024467548,0.0001209497582049801,-0.028673708486374613,0.10427227742072859,-0.09977094680765652,-0.09760846318990345,0.23689603491282205,-0.12263886848799743,-0.004522148897729034
1104,Zakharov Function,0.004372522965437081,12000,12000,0.02788430651945039,0.004372522965437081,-0.02428210026522834,-0.022885927928674023,-0.0013816210953561253,0.02788430651945039,0.018301562356390966,0.003178532150473347,-0.015735035872100248,0.011154102960290985,0.00911969603958402,-0.027060612213301735
1105,Zakharov Function,0.0017593361412698758,12000,12000,0.02716768334097191,0.0017593361412698758,0.007229846913280869,0.02716768334097191,0.00822468627626639,-0.025254037625272077,-0.003111231405729763,0.002557140236394995,0.012551756577482033,-0.0014685224672790487,-0.006532165535268071,0.0010900280983627258
1106,Zakharov Function,2.9489027716884237,12000,12000,0.9305033719195452,2.9489027716884237,-0.3684743787310757,0.7714601483738385,0.3009003878958878,-0.6480927661687343,0.9305033719195452,-0.7469511977283319,0.3349569428741756,-0.3829190791415781,-0.028880597012801622,0.11077981269910903
1107,Zakharov Function,0.008219281461811601,12000,12000,0.03943095918519918,0.008219281461811601,0.03320359969849993,-0.0370757011438254,-0.01792904709367694,0.018759544374789973,-0.009466988335469759,0.03943095918519918,0.029704709894658184,-0.028902090733235332,-0.019301657929432663,-0.004500314101143904
1108,Zakharov Function,0.00036011366385204274,12000,12000,0.007518584384825156,0.00036011366385204274,-0.001965769165045505,-0.003987185561551483,-0.0020209937654951243,0.007518584384825156,0.0011394704945092743,0.004506062387434617,-0.006717986140997842,0.006200321005495896,-0.0036259163875508663,0.0008600966050672002
1109,Zakharov Function,0.6511870338068022,12000,12000,0.557822621931845,0.6511870338068022,0.15320541413291444,0.11627034649104517,0.35902508192271854,0.0641727845785712,-0.16233752793761433,-0.04753235796682814,0.009945512265482126,-0.557822621931845,0.2257147574536974,0.21503498067494442
1110,Zakharov Function,1.1817609740508463,12000,12000,0.7084161774056406,1.1817609740508463,0.0038527871267915615,-0.012696133418029484,0.3966267676228542,-0.11923248571558531,-0.09582311619879016,-0.001300347172538666,-0.7084161774056406,0.6914732505186736,-0.03597315545771916,-0.017856092257664977
1111,Zakharov Function,1.6280518463007965e-05,12000,12000,0.002394454428262438,1.6280518463007965e-05,0.0008500965536714809,-0.0006534641852078967,-0.0012934614370858077,0.002394454428262438,0.0014553874332803873,0.0005557351309598614,-0.0012703563725356402,-0.0013019056160213768,-0.000871640755556831,0.0010805167089360228
1112,Zakharov Function,0.018989412921737142,12000,12000,0.06874289070162323,0.018989412921737142,0.06874289070162323,0.04623371250199451,-0.02020224914924419,-0.017543384039766973,-0.008806621397181552,0.044094520000063586,-0.021952835121814826,-0.025134613323565022,0.027973370741692656,0.0024430169437493834
1113,Zakharov Function,0.00014489566327954525,12000,12000,0.006279193993055309,0.00014489566327954525,0.0036443662687260757,-0.004858491701085488,0.0014733351856819291,0.00022689740790761724,0.001688454924304958,-0.002854345493748498,-0.0016351049835304928,-0.003254787310534116,0.006279193993055309,0.000335833546494167
1114,Zakharov Function,0.00830000567207192,12000,12000,0.062291928354172216,0.00830000567207192,0.018444374766554278,0.062291928354172216,-0.026895660090631365,-0.03160742197184373,-0.006712402083381738,0.0063955216851328545,0.0039424184815934436,0.0304319832105603,0.010541274274827268,-0.02601040395347995
1115,Zakharov Function,8.099423839677208,12000,12000,2.014252096189177,8.099423839677208,-1.531240327341885,0.2792409426549456,0.3704212312632993,-0.8808708335944624,2.014252096189177,0.3373588544254017,0.2978819748696616,-0.5032337711137829,-0.31681401810308674,-0.3672216199656309
1116,Zakharov Function,36.31360337378753,12000,12000,3.838415271280121,36.31360337378753,0.4826815994272051,0.1983417954043344,1.1365585936958138,-0.9762127567460523,-2.7371760437496384,3.838415271280121,-2.1750711468941355,2.308057957216975,-0.6841131954395068,-0.7934451138251835
1117,Zakharov Function,0.4218426418979971,12000,12000,0.43732969120232024,0.4218426418979971,-0.07770851601111987,0.04915292944955171,-0.09331682577893397,-0.2402272097613054,-0.1664319656766362,0.43732969120232024,0.0587061193587829,0.11162136167295675,-0.2593259189147278,0.004377796206685436
1118,Zakharov Function,0.9271265027732611,12000,12000,0.6276205611835559,0.9271265027732611,0.15233093768147082,-0.24513131499929175,0.004260323991083781,0.6276205611835559,-0.28534169234762485,-0.12736535997311718,-0.07546285708159833,0.40836068583490015,-0.3490777039347177,0.08486709009846467
1119,Zakharov Function,0.3402774834791335,12000,12000,0.354760565343069,0.3402774834791335,0.11145289616934427,0.1257054739813258,-0.029826014453112337,-0.16049340847683025,0.13024471893088607,-0.23458553826045137,-0.08916248573753742,0.035588685671728876,0.354760565343069,-0.12410613628060016
1120,Zakharov Function,0.2552092971616967,12000,12000,0.29930405259736703,0.2552092971616967,0.10112890077880946,0.10069864594719614,-0.2083126427849787,0.18643699979634853,0.11682316154242998,0.29930405259736703,-0.07867018957559752,-0.1667352329870377,0.026709675298305695,-0.12642491938350509
1121,Zakharov Function,0.00012506795760172692,12000,12000,0.006358073953066138,0.00012506795760172692,0.006358073953066138,0.003370158723550172,0.0022920545477976752,-0.0005405246777348462,0.0034160925212498227,0.000971195494396942,0.0017530746604672441,-0.0042621523718438595,0.003134223229919136,-0.004853154816338474
1122,Zakharov Function,0.0678405603483438,12000,12000,0.14810645991554378,0.0678405603483438,0.03436918656578593,-0.018364134283176674,0.07581852822061712,-0.14810645991554378,0.11948896359520869,0.1018726640546449,0.00745952545077222,-0.007032221769748118,-0.08971212239842831,-0.01779856699817116
1123,Zakharov Function,2.7967442766020003,12000,12000,0.8382754921613191,2.7967442766020003,0.6454244321015712,0.3926197834791981,0.3294284085943726,-0.8382754921613191,0.7969226849819085,-0.3976341770670002,0.1533783725077868,0.35788821991249903,-0.13377182394218884,-0.22911635485891485
1124,Zakharov Function,0.0003818864180103029,12000,12000,0.007166850891443809,0.0003818864180103029,0.0027117261138699233,-0.003250300677272975,0.001452050468382502,-0.002638670052643223,0.0004214554914629791,0.002259604012562398,0.007166850891443809,0.005332427755834801,-0.0067879959514851995,-0.00644105573516171
1125,Zakharov Function,0.07984840200273784,12000,12000,0.17122072990441006,0.07984840200273784,-0.01663894946245753,0.09896949418854573,0.017671907797253028,-0.1381977891629823,0.02389076706434684,0.06264801365755471,0.000885120426431435,0.09331348296384795,-0.17122072990441006,0.07156545013953973
1126,Zakharov Function,23.357803505901863,12000,12000,2.6293733059075763,23.357803505901863,0.24024593403433786,-0.6390173483954599,0.2936751949145747,1.8040652243979656,-2.559293722756984,-1.6892316566261716,2.6293733059075763,-1.0973554470234197,1.235214009225202,-0.3813009050614262
1127,Zakharov Function,0.00921797967977758,12000,12000,0.05360688752859824,0.00921797967977758,0.04853415164226594,-0.0012407819632157691,-0.016664951778144248,-0.001377090011617745,0.03758724666200071,-0.006550137140358646,-0.006252438236739009,0.010156270020505577,0.032789876880769474,-0.05360688752859824
1128,Zakharov Function,0.6141995845339985,12000,12000,0.584324775194545,0.6141995845339985,-0.02038164422817127,0.09000065932840871,-0.019021491211567224,0.1673392863499655,0.2768205290747323,-0.584324775194545,0.1923814993109303,-0.2596754231972567,0.2260276832383192,-0.007450247154669208
1129,Zakharov Function,0.15642012878851988,12000,12000,0.25311420229634446,0.15642012878851988,-0.08448000092772073,0.057218468095136324,0.15336308162796686,-0.09607352111828844,0.15209007413210565,0.14488447879755828,-0.05234291754810832,-0.25311420229634446,0.03208213126846683,0.03487202435439781
1130,Zakharov Function,0.007452965612684938,12000,12000,0.06217314539672043,0.007452965612684938,0.017395784612643184,0.0027536150978537503,0.06217314539672043,-0.03744260369656746,-0.00011000964611438194,0.003657943635564674,-0.03517477892536863,-0.005750021389989188,0.015537113112199658,0.003456285922614403
1131,Zakharov Function,1.6091379659612663,12000,12000,0.8801009518576555,1.6091379659612663,-0.12214377487935407,-0.06675006833287668,0.7965520716730273,-0.8801009518576555,0.0379589719619107,0.23431644776482896,-0.18339515578254734,0.1724678270748269,-0.1782341737727624,0.1471811318300539
1132,Zakharov Function,0.1728667026535212,12000,12000,0.19887115502631852,0.1728667026535212,0.16252067941564802,0.0901834948222078,0.012362610086931014,0.19112985915949898,0.12776016217314123,-0.01680161074834751,-0.08826562291783224,-0.0519821679849444,0.1673770460816458,-0.19887115502631852
1133,Zakharov Function,0.18690230046553954,12000,12000,0.22257040788801616,0.18690230046553954,0.041423393624180654,0.0026378485867600693,0.17779492813872644,-0.1269419893199374,0.10665617023922622,-0.041793713030401025,-0.22257040788801616,0.20868731870280607,0.022925946749552867,-0.033338847842604574
1134,Zakharov Function,289.9993310924039,12000,12000,11.968158592945112,289.9993310924039,0.512223547647606,-1.542030504629534,0.2628573284561102,5.60836839588431,-6.478355825222892,-7.200621457383031,11.968158592945112,2.3070975732179924,-1.8547389571467754,-2.8664651425752887
1135,Zakharov Function,0.009405137843227248,12000,12000,0.057243833732892935,0.009405137843227248,-0.057243833732892935,-0.014714702362568124,-0.017684306195039814,-0.024581615304859507,0.03271024253161203,0.028147955819436198,-0.04072706300561504,0.006943959894956601,-0.005951576036387726,0.011802448790032276
1136,Zakharov Function,0.3582514351867822,12000,12000,0.34234575871311457,0.3582514351867822,0.07087655808925952,0.34234575871311457,0.0013678749702263418,-0.17854126672519843,-0.21851628630190012,0.28068577281083806,-0.19805774034652104,0.012544592866663599,-0.07411203441651497,0.15133922871498756
1137,Zakharov Function,0.0001443293580070925,12000,12000,0.008593616922070843,0.0001443293580070925,0.002114643251236962,0.0036271248579991516,0.0022034726470207358,-0.00028061093081505235,0.0006877463827573496,-0.008593616922070843,0.0036085719241681124,-0.00044409926720183704,0.004291606023322397,-0.0020218880206564673
1138,Zakharov Function,1.4473947605111693e-06,12000,12000,0.0006965225724608127,1.4473947605111693e-06,0.0006720988949602774,0.0001055009985628353,0.00020230984298672027,-0.00026976929523113164,0.00020841588341490507,-0.00019486067973347268,0.0004783231927806243,-0.0006965225724608127,0.0002692034038780187,-4.092162581864197e-05
1139,Zakharov Function,1.6445453129226948,12000,12000,0.8821183767759329,1.6445453129226948,-0.23550819765462477,-0.8821183767759329,-0.1267514458825041,0.5271058851347229,0.15271710354542578,-0.17846416612770966,-0.31326535124861105,0.3154987133114711,0.05500682870676533,-0.11542427004076913
1140,Zakharov Function,3.8224663053393635,12000,12000,1.234471339406788,3.8224663053393635,-0.4338954305762651,0.09756363066054113,1.1595156715278567,0.2066795590897787,0.33493259053839947,-1.234471339406788,0.3099925443708521,-0.381221524229283,-0.07932191605221989,0.2273581719663016
1141,Zakharov Function,0.1194256687880393,12000,12000,0.17531069935959492,0.1194256687880393,-0.015220551870482723,-0.06896603602609702,-0.0034197424897927237,0.13520009003770214,-0.07423774538695282,-0.07515834830099136,0.17531069935959492,0.008238776335907264,-0.027018082140522197,-0.015506360385935003
1142,Zakharov Function,0.04708767169868709,12000,12000,0.12804927607580568,0.04708767169868709,-0.02180118922000132,0.036251741699896284,0.004773031836277144,0.016256744858254915,0.09965595104475977,-0.12804927607580568,0.0025749769232162583,0.11105254370630327,-0.04858720587280202,-0.021039771921016345
1143,Zakharov Function,4.921887572740932,12000,12000,1.2784171342203319,4.921887572740932,0.16356759055693137,0.13148071177216214,0.23752914613237786,-0.7736794534380934,0.4627312127413783,1.2784171342203319,-0.6794168632573507,-0.8661795789576594,0.7237569084043642,-0.15456193750306002
1144,Zakharov Function,35.21737822862732,12000,12000,3.478612230383325,35.21737822862732,-1.1256026008565319,-0.5185485010057398,1.2085403002273791,-0.7397146279784286,3.1423030731750314,-3.478612230383325,-0.23388088633087256,2.8944191770460046,-0.5479807637108203,-0.9812274482620471
1145,Zakharov Function,24.593386446451234,12000,12000,4.005155520673264,24.593386446451234,0.009622628621455548,0.6495365644777874,0.11259628445482601,0.27285929308294804,-1.9689585947131811,4.005155520673264,-1.9477769449777802,-0.4331921273584056,0.02268170831120911,0.07580551167060559
1146,Zakharov Function,0.008243399041720768,12000,12000,0.05425038508082822,0.008243399041720768,0.008510115148470465,0.012228994327536389,-0.05425038508082822,-0.04703095521897213,0.011555295316109758,-0.013051412271207818,0.027903489500653474,-0.007397588633636695,0.001094179643056135,0.011247344638765137
1147,Zakharov Function,0.00015231426984775356,12000,12000,0.006049030608512716,0.00015231426984775356,0.005236049979165059,-0.006049030608512716,-0.0017598193216746862,-0.000820479123995875,-0.0017735505608000091,-0.0017638740820335552,0.00543171754621726,0.004185951916819043,0.0010868411604728736,-0.005063055293089487
1148,Zakharov Function,0.00022019586041446728,12000,12000,0.007665880188037336,0.00022019586041446728,-0.0008289952642072176,0.004270180173761927,-0.001393974091965033,0.003756506079733209,-0.004019608496620546,0.007665880188037336,-0.00738072018664267,-0.00031042170744293536,0.005114435890994928,-0.004299273910425393
1149,Zakharov Function,0.07574508736318868,12000,12000,0.1267652787557104,0.07574508736318868,-0.09200959185345689,-0.1267652787557104,-0.009049539449435373,-0.056761577589548265,0.052225916920720594,0.03020818620915497,-0.025016331735186227,-0.11261330449873766,-0.017149030145271388,0.11210260163493135
1150,Zakharov Function,0.0015636940086846275,12000,12000,0.022935086913756578,0.0015636940086846275,-0.022935086913756578,-0.0024796068387843914,-0.01919848168826547,-0.009890496781925284,0.0005470994674467225,0.022608469807769416,0.003578682275294712,0.0037937287731810918,-0.0034952860929663215,-0.00339798457247906
1151,Zakharov Function,0.4540355823748803,12000,12000,0.4400587076485228,0.4540355823748803,0.012212924071023555,-0.08194987999304942,-0.13977619814537973,0.4400587076485228,-0.2351101395030183,-0.04936635651699851,-0.27360070114522284,0.3079841153296504,-0.022113420581993705,0.008722802588477511
1152,Zakharov Function,1.5517635082279646,12000,12000,0.7532848972385697,1.5517635082279646,0.10775640838022166,0.16843707779284833,-0.6436405249743666,-0.3861270058741569,0.7532848972385697,-0.0038493726742476926,-0.250662304630603,0.40699388534373526,-0.21349146501211594,0.03289020971581964
1153,Zakharov Function,0.0008314758827887873,12000,12000,0.01198552252388349,0.0008314758827887873,0.01099063594996697,0.002197214629106702,-0.0053283808377819625,0.0017949630549089295,-0.0015616337368205052,-0.01198552252388349,0.008553955520748167,-0.0005121673726651427,0.003347179069885526,-0.005349307284323496
1154,Zakharov Function,0.016173833467663993,12000,12000,0.07478769847041392,0.016173833467663993,-0.003302479376155864,0.07478769847041392,0.024037280041832566,0.0183647790570977,0.002011696346375335,0.0315430413379542,0.0006947544826644073,0.020455719391052077,-0.014370676992930504,-0.03674064489230992
1155,Zakharov Function,51.81353519915091,12000,12000,4.856064546034805,51.81353519915091,-0.7141028808921774,2.0320831809902016,0.5042257752659285,-4.856064546034805,0.8135876190744238,-1.0994406840356876,1.859803960123608,3.7430100330441496,-0.9168261710982435,-1.6462396531164143
1156,Zakharov Function,4.894354458675633,12000,12000,1.515138191689931,4.894354458675633,-1.515138191689931,0.6177915341558824,-0.23354862872718152,1.2727577090570747,0.44631569917913705,-0.06846013745293703,0.1492638162884996,-0.36866370866735976,-0.15252041552747755,-0.31286493842428487
1157,Zakharov Function,0.9761568447783516,12000,12000,0.730521129760652,0.9761568447783516,0.03675800972974569,-0.18567791160746192,-0.03347726970500532,-0.730521129760652,-0.163707474788236,0.4181207282534023,0.4124381241191959,-0.0670583214551615,-0.04572675870852411,0.00534365722245396
1158,Zakharov Function,15.268931670030032,12000,12000,1.8945023088375867,15.268931670030032,-0.1367535496772252,-0.17308548039455462,1.784736252178032,-0.9370882520000579,-0.8075538962568074,1.5282288966436042,-0.4700518595775094,-1.34711548484256,1.8945023088375867,-1.0981710534738678
1159,Zakharov Function,0.011509810159266538,12000,12000,0.03994096322325428,0.011509810159266538,-0.03994096322325428,0.0068218960597385865,0.0190004094756643,0.01613109881344159,-0.011848381677138975,-0.017197417338295103,0.001046684639419944,0.030969223306811115,-0.02256473102532918,-0.015282278320638921
1160,Zakharov Function,0.9314617137926297,12000,12000,0.5733762482267675,0.9314617137926297,-0.030685245529120053,0.2126513030241442,0.22077313503118315,-0.026862721603684983,0.4643350095423604,0.19633020011895602,-0.3140363233650276,0.3897647238251675,-0.5733762482267675,-0.011365216004033708
1161,Zakharov Function,0.09423518727605869,12000,12000,0.10759193931683908,0.09423518727605869,0.011666741319219524,0.07799682662175056,-0.10584510958726445,-0.032037196158798104,-0.009840069461412988,-0.10759193931683908,-0.05224339023794375,0.10335441876819182,-0.02547458141826931,0.030776225377502357
1162,Zakharov Function,4.809748126930713e-06,12000,12000,0.0011584595595255376,4.809748126930713e-06,0.00034734387733945587,-0.0006457599069092013,-0.00021578164257987317,0.0004518091600743411,0.00040336628679646977,0.0011584595595255376,-0.000785763792327403,-0.0010290002069391951,-0.00041390378251565717,0.0008159723817185824
1163,Zakharov Function,0.07231165333359905,12000,12000,0.19584595594381032,0.07231165333359905,0.007940374946943995,0.028231936734393767,-0.026306297964944526,-0.06872303434168306,0.04091867385058417,-0.19584595594381032,0.036970816906643944,0.15450694970505954,-0.00429727767541908,-0.015059449870814711
1164,Zakharov Function,0.008196893583608167,12000,12000,0.050255149991629534,0.008196893583608167,-0.028709617158360536,-0.01881429579206981,0.029355347712914467,0.00025898120058826316,-0.050255149991629534,0.047253482913263506,0.019303951002236856,0.007518789616697309,-0.02419066110809127,-0.006923116736287389
1165,Zakharov Function,0.8740495081118921,12000,12000,0.5349472569314497,0.8740495081118921,-0.1665368571005802,0.2151784711188809,-0.16667380933984208,-0.17203984402374806,0.5311667079536375,0.5349472569314497,-0.08106216391807401,-0.15260920069998707,-0.21555829785763297,-0.06242471949220857
1166,Zakharov Function,0.008346998378004353,12000,12000,0.06017101632863816,0.008346998378004353,0.03281350136856776,-0.01972471632858217,-0.009056039165198067,0.06017101632863816,0.008327317709337853,-0.03402606238710912,0.018078769170452584,-0.0035890243596373526,-0.029689574875562313,0.016742473465390602
1167,Zakharov Function,51.579956471801395,12000,12000,4.885454520759941,51.579956471801395,-1.9501962511263078,-1.443076498856644,0.1741174648277558,3.1286635352434287,0.19555464495150185,-4.885454520759941,3.2499785682292863,-0.9922862784279005,0.43857733094586027,0.05012632015961471
1168,Zakharov Function,0.7007780929705472,12000,12000,0.4449735242075194,0.7007780929705472,0.08710728131292358,-0.05791002868704426,0.42105145362370233,-0.03801578304923099,-0.4449735242075194,0.4265336179090935,-0.2936129468674367,-0.06614780872500085,0.07783569630902072,0.07983449056789013
1169,Zakharov Function,0.0228806345332508,12000,12000,0.07868148455426638,0.0228806345332508,-0.003378197029931076,-0.03648683415797485,0.006410527929537127,0.02927624713268842,-0.07868148455426638,0.05456063035916238,0.05030115547662284,-0.02647382612790107,-0.017803134568327557,-0.014888990945110677
1170,Zakharov Function,0.724830879098261,12000,12000,0.4041243579439467,0.724830879098261,0.10946207875323025,-0.06339808429913894,0.34264138188699683,0.4041243579439467,0.23218671654283404,-0.35029087787093105,-0.35297174818877985,0.26668090113776566,-0.10001789533601066,-0.002994087797007371
1171,Zakharov Function,0.007005238128866339,12000,12000,0.05157749480290204,0.007005238128866339,-0.014317120773720826,-0.05157749480290204,0.0033904641893427187,0.008280722614123517,0.0160830307482591,-0.026682311987100076,-0.01954902180851882,0.041416482522294906,0.020872090397793266,-0.020525024947317068
1172,Zakharov Function,0.05527991806490551,12000,12000,0.1926903414762804,0.05527991806490551,0.038142783968423154,0.04456324776353587,0.06746306617904477,0.06583354011933563,-0.1926903414762804,0.018730335212900157,-0.029158625705918182,0.047816955606335795,0.006454131624013797,-0.007302456730948391
1173,Zakharov Function,0.025756132139929923,12000,12000,0.10196667857886096,0.025756132139929923,0.02142653749777628,-0.01835759853686443,-0.10196667857886096,0.03821629379672126,0.09160339653460924,-0.01341106122183737,-0.0032786994712890663,-0.011307250437104732,-0.03859931279190789,0.033577136959782566
1174,Zakharov Function,0.004082675018837604,12000,12000,0.04584927490585072,0.004082675018837604,0.003638201487996883,-0.005085161930618589,0.008760964047646397,-0.021644113363871814,0.003687019311380048,0.005851834138883649,-0.0355245453429785,0.04584927490585072,-0.007257468501084852,-0.004648095733278991
1175,Zakharov Function,0.0023604610051151803,12000,12000,0.03167560683887022,0.0023604610051151803,-0.03167560683887022,0.011377663594226952,0.00024142718152888112,0.02742658322648802,0.004173132921586059,-0.0014946787333829214,0.01126997251622007,-0.01629720073793481,-0.00396297212044839,-0.00377699547314685
1176,Zakharov Function,0.03689329118622001,12000,12000,0.10260891971882835,0.03689329118622001,-0.08978120954212232,0.03965013851231147,-0.030597697426383214,0.0417125163645306,0.01647751701166575,0.01723870157608471,-0.10260891971882835,0.09710005651386702,0.02496472205320778,-0.04613626015654643
1177,Zakharov Function,0.03614149464893215,12000,12000,0.08188491326374381,0.03614149464893215,-0.011999156041070588,-0.0024725209582233294,-0.08188491326374381,0.03312289372524858,-0.0107271256975313,0.07277280444362016,-0.008755714029275413,-0.040111506947782566,0.023773985476486556,-0.035947749623325774
1178,Zakharov Function,1.6130629674204036,12000,12000,0.9962574447433383,1.6130629674204036,-0.10837621048563956,-0.09303665284959331,-0.06880905751671339,-0.6895822583172347,0.9962574447433383,-0.20898701651002508,0.23994901574570093,-0.07132029195597388,-0.0827587391039504,-0.08102357140901557
1179,Zakharov Function,0.34868114935383976,12000,12000,0.3340216517947572,0.34868114935383976,0.3260401033417717,0.060942926339729864,-0.3340216517947572,-0.17327069488976976,-0.04989954677422144,0.10467709772042488,0.033613505359099495,-0.07334620373927896,0.02207458413549461,0.04947031477386119
1180,Zakharov Function,0.6797829487048532,12000,12000,0.36568396878913634,0.6797829487048532,0.35413759497529373,-0.13319617402389256,-0.18328237306018136,-0.20074887406241698,-0.36568396878913634,-0.041619715490337994,0.13657280528224003,-0.188601193192225,0.19593025843719714,0.286601263292172
1181,Zakharov Function,12.944119155963712,12000,12000,2.529223241159488,12.944119155963712,2.529223241159488,0.14606180566209326,0.27822891423725116,0.3042414956941628,1.9363239229368432,-0.30991336816239634,0.11949968726196913,-1.4788549537784563,-0.4255740363405742,0.15096005741324037
1182,Zakharov Function,0.005639854836294538,12000,12000,0.03000229969322174,0.005639854836294538,-0.027079368008910483,-0.0008935520949263226,0.018924932687609933,-0.028191119055819343,0.03000229969322174,-0.027303646584592407,-0.009821238574107556,0.021202862385589417,-0.01940085807895374,0.0107002962596515
1183,Zakharov Function,0.0370322863437758,12000,12000,0.11420018710647328,0.0370322863437758,-0.04718058661721611,0.026014169468880015,-0.03415675987312375,-0.0027504503238616855,-0.11420018710647328,0.08982481467076539,0.05434076007594184,-0.045170669281551265,0.0009606381427651606,-0.005164971309589675
1184,Zakharov Function,0.0058908667984745805,12000,12000,0.03337389432312547,0.0058908667984745805,0.027085544769585693,0.03290371075077949,-0.008182567208262558,0.0025743853968360833,-0.03257806145099805,0.0023495732733952376,-0.01881581213674383,-0.03014238726601614,0.007138768266635501,0.03337389432312547
1185,Zakharov Function,0.0022454523189474654,12000,12000,0.017184206499704875,0.0022454523189474654,-0.009909001216694295,-0.015705423369972295,0.004272949608675167,-0.008741096578887279,0.005577160313948629,-0.010056869467525983,0.004391265446312341,0.0028667438011726757,0.016492491110390556,-0.017184206499704875
1186,Zakharov Function,0.6187924656986569,12000,12000,0.47917307940952003,0.6187924656986569,-0.014773290124837968,-0.01978545464763968,0.038186714291566615,-0.47917307940952003,0.29121717854273077,0.08079942587510341,0.22120410282925373,0.22423597666175055,-0.2300992432233668,-0.1973989783472666
1187,Zakharov Function,0.00670067628978205,12000,12000,0.03989242519667488,0.00670067628978205,0.00922892461713882,-0.02700854921469945,-0.03989242519667488,-0.015631624748861164,-0.0016341280492783643,0.019204957517790937,0.003066602904591296,-0.0035275557212052916,0.0010780514159838064,-0.00037195335200956164
1188,Zakharov Function,0.01831028989341237,12000,12000,0.08246282908001758,0.01831028989341237,-0.01557715395653951,0.012042774570935444,0.015430576635447928,0.08246282908001758,0.06336850564382386,-0.005926827642991198,0.036623247921242,-0.04875344519762979,-0.02013960976296211,-0.0414077975115994
1189,Zakharov Function,0.11514972487058552,12000,12000,0.19750928399648965,0.11514972487058552,-0.026874692843758926,0.009579177256665405,-0.11278111866924553,-0.012274123520874196,0.03378059348852332,-0.039509374935930236,-0.19750928399648965,0.12977335762656633,0.04474812631867615,0.07726386733408505
1190,Zakharov Function,8.392487933273483,12000,12000,1.2220794260796208,8.392487933273483,-0.23576015832560615,-0.9060140456315197,1.2220794260796208,-0.9976854451552699,0.1724981070266287,-0.5697735417953655,-0.47036649291736676,0.3668270744848581,0.7423466178503109,-0.38173536624116255
1191,Zakharov Function,0.6084623614653839,12000,12000,0.5137000656221021,0.6084623614653839,-0.20065552184355273,0.3285137114443498,-0.5137000656221021,-0.10941975177369867,-0.11805863834298289,0.1891644061313748,0.0249320987797403,0.27857806535925944,-0.22902250086869202,0.06338311362861192
1192,Zakharov Function,0.14976579195621006,12000,12000,0.2585567717543345,0.14976579195621006,-0.0369043046408364,-0.16171591776068328,-0.0557869938159507,0.2585567717543345,0.18147678537000592,-0.003986193737541747,-0.06690848664952509,-0.11078135656398191,0.030297221786925996,-0.03502225028275524
1193,Zakharov Function,0.0044346214240624775,12000,12000,0.03565018241300216,0.0044346214240624775,0.017892894808249328,-0.01247269654568045,-0.03565018241300216,-0.02514893338094793,0.016832820330273827,0.005408766731672895,0.020634858516027806,-0.006119264467663435,-0.026527205136836575,0.022402057893861224
1194,Zakharov Function,0.4367710267176787,12000,12000,0.356233953051333,0.4367710267176787,-0.16121742147054968,-0.18301853495124049,0.2982615225297778,0.015282074029791565,0.04419443067943687,0.356233953051333,-0.07465391137259468,-0.16864637710098074,-0.07834228985837752,-0.08476356362815428
1195,Zakharov Function,5.983665485754311,12000,12000,1.6476838060483328,5.983665485754311,-0.4470191815283001,0.6382564153959752,1.6476838060483328,-0.31695936852580253,-0.47373243964375855,0.5389508691536283,-1.0921019561944185,0.6254950488872342,-0.5934216000509481,0.21152902324551384
1196,Zakharov Function,0.01399018542624148,12000,12000,0.05832033345253959,0.01399018542624148,-0.04690512750331962,0.008285131107583325,-0.001400085894020825,0.00965570317343066,-0.037305800845025064,0.030051912830889982,-0.02653256528110684,0.04000781463197371,0.040149148455739844,-0.05832033345253959
1197,Zakharov Function,0.057912682633190424,12000,12000,0.14483130773706718,0.057912682633190424,0.11289008622585325,0.020316030206243507,0.14483130773706718,-0.05619786359954103,0.034915793988408675,0.0029956780909398684,-0.035206303174266845,0.08937992728265746,-0.05343790484805143,-0.039189666289441094
1198,Zakharov Function,1.0690697592805019,12000,12000,0.31276096018192967,1.0690697592805019,-0.266283375873318,0.31276096018192967,0.06477039443321436,-0.2551313237476164,0.17857055037846825,0.06783253204381307,0.0005579030410907126,-0.26414444893096034,-0.02155719109635934,0.2806568347404684
1199,Zakharov Function,0.014294519623566395,12000,12000,0.07369885641026466,0.014294519623566395,-0.01165577920646687,0.02910088106572501,-0.021041249751396228,0.07369885641026466,-0.0008479889257602402,-0.0023536430236127965,0.0557793770705759,-0.046725818013675924,-0.01784692570756554,-0.019197455290926476
1200,Zakharov Function,0.43883531691788086,15000,15000,0.4257554576052952,0.43883531691788086,0.10644681236927173,0.1336190156734475,0.4257554576052952,-0.10134170449047747,0.09126083672619956,0.167118114756715,0.011506933426470245,0.12157048422612622,-0.048893574104023646,-0.36617294462177613
1201,Zakharov Function,0.3637889295444099,15000,15000,0.2872933376385882,0.3637889295444099,-0.03237189039871166,-0.2573053825365045,0.24900545250680042,0.1516221741172758,-0.2872933376385882,-0.07564595721445155,0.26045830201795683,0.06822374563058464,0.049043387088878454,-0.13903915680477003
1202,Zakharov Function,0.05329438484118207,15000,15000,0.08514843588414125,0.05329438484118207,-0.019093310864562306,0.015623557687217515,-0.010217327894453704,-0.06734863622550635,0.08514843588414125,-0.006228834788477744,-0.014398272109095334,0.044907018161319805,0.04703615003166533,-0.04163942947740678
1203,Zakharov Function,7.5450913650965505,15000,15000,1.7344462103198124,7.5450913650965505,0.28227914617877337,0.8196612450828522,-1.5715359101926913,-0.5341087659078676,1.7344462103198124,-0.41203152675517074,0.4716204844910741,-0.29698359238757277,0.3452784246880277,-0.5868748160190388
1204,Zakharov Function,0.008719755297862345,15000,15000,0.051043607808584315,0.008719755297862345,0.0206136777133622,0.030151534467038624,0.035151773265141975,-0.010901720810032371,-0.04141632069476224,-0.03879680862955685,0.051043607808584315,0.005766351830422973,-0.005140190905987238,-0.0037116047551811623
1205,Zakharov Function,2.839835810328431,15000,15000,0.7904407160325533,2.839835810328431,0.7904407160325533,0.637252782114508,0.6840823251422701,-0.6282884227447192,0.4084952328194674,-0.396937684038148,-0.042991191945937784,-0.5625080890017038,0.4996350959405237,-0.05186430155890847
1206,Zakharov Function,0.6702465254271817,15000,15000,0.5444213889698275,0.6702465254271817,0.15965849056645331,-0.04307777645006414,-0.16200518015086973,0.26060898280293204,0.32086676519640306,-0.5444213889698275,0.020397898770670914,-0.24000701569884658,0.003932090649212655,0.24168108093622098
1207,Zakharov Function,0.0009386514474952613,15000,15000,0.009470672670855412,0.0009386514474952613,0.0013746313351131363,-0.007737743110947604,-0.0036560708681468,0.007802228613304306,0.008926284618369043,-0.004469805596999487,-0.0017560980217582872,0.0052291210406044675,0.009470672670855412,-0.009428913125729282
1208,Zakharov Function,0.1268448277806582,15000,15000,0.29475468184056675,0.1268448277806582,-0.29475468184056675,-0.04544329214116086,0.14380443544966034,0.029274682361032763,-0.02554474987555508,-0.03371073947675557,0.017156468583128928,-0.03572918810058863,-0.06730860524334992,0.09043131563080692
1209,Zakharov Function,0.7721826805556032,15000,15000,0.45893366909168987,0.7721826805556032,0.1448827112042702,0.17654777853897957,-0.1499463216302951,-0.3245171052509094,-0.0027276812253158034,0.45088143987924334,-0.1796724812437459,0.45893366909168987,-0.03509643096985038,-0.3709004159356165
1210,Zakharov Function,0.023536502393944787,15000,15000,0.06444903916979347,0.023536502393944787,0.05125218600915299,-0.01335060143522622,-0.02999856573491662,0.0012571541014279528,0.06444903916979347,0.031905091033681415,-0.031929207184144305,-0.02218358178678021,-0.0016430944608563196,-0.02594808737416062
1211,Zakharov Function,1.166801609635544,15000,15000,0.7051264378488589,1.166801609635544,0.16391467038403168,0.24105610073012224,-0.00882695136541499,-0.7051264378488589,0.3172786132524639,-0.3103287201727096,-0.1484465241834485,-0.17492991362620758,0.3263017000959055,0.27163439323814365
1212,Zakharov Function,16.271947226267116,15000,15000,1.3540892645090268,16.271947226267116,0.23087919111108768,-0.7629157585898321,-0.9522355391418194,0.3949274561191565,1.1809226465761529,1.325382719260328,-1.3540892645090268,-0.6323716011057896,1.2807865056583885,-1.1145389634473846
1213,Zakharov Function,0.005293868116311432,15000,15000,0.057790544995983226,0.005293868116311432,-0.057790544995983226,0.007429249194034525,0.0003024316108361236,0.014176145096978426,-0.011404575928880917,-0.009383983107088323,0.002731744289954481,0.035235208445288636,-0.012043743433566281,-0.009212522014810091
1214,Zakharov Function,0.8365094890786313,15000,15000,0.6019423543190118,0.8365094890786313,0.1525752765438783,0.03440409070685565,0.20883779329916358,0.6019423543190118,-0.3068165707804784,-0.4037499429843663,-0.3193366162836564,0.03202954706042471,0.12470870169312685,0.1662497418928679
1215,Zakharov Function,0.00699445348196456,15000,15000,0.04409339882489753,0.00699445348196456,-0.021782198965563822,-0.017736426210620347,0.03304408180706929,-0.007035951041615876,0.042687230594453535,-0.0251164085412517,0.008416911443273228,-0.04409339882489753,0.0054613885992760725,0.012811743094544912
1216,Zakharov Function,0.01897266407673017,15000,15000,0.06719647048696988,0.01897266407673017,0.048248779329401054,0.02760389344382809,0.06581645142205478,0.04806294984300534,-0.008753893651042404,-0.010232317206496035,0.0011417378545866626,-0.06719647048696988,-0.010889307139923601,0.03522550378087244
1217,Zakharov Function,11.032906320771938,15000,15000,1.8761778794816024,11.032906320771938,-0.8683621668161419,-1.0266479829142647,0.4016733409232014,1.363495744910209,-1.8761778794816024,-0.4485445817661746,1.4808911949189016,-0.5322418956136876,-0.43704057266687824,0.7149369270470363
1218,Zakharov Function,2.562519941716643,15000,15000,0.9506684829500633,2.562519941716643,-0.07408116964894464,-0.14070918978315025,0.19716401161214092,0.41546537742878487,-0.7724015301352846,-0.9506684829500633,0.23354363584941445,0.4948926524687966,0.5992168040162864,-0.2736376605600188
1219,Zakharov Function,9.316497982324188e-06,15000,15000,0.0018558004225527084,9.316497982324188e-06,-0.0014410507867710903,0.00015794942413213282,-0.0004809568843778362,-0.0004552505834097202,-0.001781647212034232,-0.0002851293945173521,-0.000184673596610414,-3.375820932521341e-05,0.0018558004225527084,-5.252696808927211e-05
1220,Zakharov Function,4.494105507679219,15000,15000,1.192513779464996,4.494105507679219,-0.7667312502381094,0.8350813520230282,-0.05463520282389717,-0.4879555394874726,-0.2078945719420029,0.30187151449439487,-1.192513779464996,1.1559657477335303,-0.13631026170029614,0.11725362391221616
1221,Zakharov Function,0.0927483437984806,15000,15000,0.24407104712622507,0.0927483437984806,-0.008601690181460925,0.036435969002933825,0.03143321442011818,0.08414494241946191,-0.24407104712622507,-0.046119589478078996,0.07999093884373698,0.06367754648451245,0.013924730085032054,-0.03861930066893607
1222,Zakharov Function,0.028656148613410305,15000,15000,0.11873717200951957,0.028656148613410305,-0.0071729507091877615,0.013227801317599173,-0.11873717200951957,-0.07000480302811414,-0.012139910519766726,0.02222455323670562,0.07653100249307439,-0.01875890585349546,0.023638692333551557,-0.013950131697702844
1223,Zakharov Function,0.01202396077854477,15000,15000,0.0735567004057209,0.01202396077854477,0.018425927565834006,0.0306860257829376,0.0025534420822791483,-0.02714431588572755,0.05826923877108496,-0.0735567004057209,-0.00026912280638451136,0.0297449126490898,0.002927086100328562,-0.0058708723408894894
1224,Zakharov Function,0.146325585767944,15000,15000,0.1983164326008499,0.146325585767944,0.1983164326008499,0.05874422325597635,0.05563568444603087,-0.12714501541262585,0.07467586297287201,-0.13419350315338335,0.04735342761321872,0.14783101034450719,-0.04286742556816528,-0.030877935775628525
1225,Zakharov Function,0.0002862189301180751,15000,15000,0.006028799966865062,0.0002862189301180751,0.0047041060879242326,-0.004458315705231353,0.006020557793034076,0.0058451809634328805,0.006028799966865062,-0.0047630615710290165,0.0016075792009567283,-0.002522338242374954,0.0008659647534043358,-0.0017463457305398698
1226,Zakharov Function,2.889613348005744,15000,15000,1.1588046274892945,2.889613348005744,0.22268951070801513,-0.16224690652144275,0.350699920971646,0.29185087278849486,-1.1588046274892945,-0.06677609086039567,0.8272254712545629,0.5489523908922087,-0.11207963298197939,-0.5099309448231517
1227,Zakharov Function,0.008230885439899785,15000,15000,0.05024233082614765,0.008230885439899785,0.002684662387238579,-0.02937135027117753,0.05024233082614765,-0.01737386632554026,0.02927044190564853,0.02590957721048074,-0.007419552033125415,0.011509386803200959,-0.048920644235386467,0.0032402822416910115
1228,Zakharov Function,0.2594149145741832,15000,15000,0.36677080932355477,0.2594149145741832,-0.02367184345295329,0.024198458284578075,-0.14033490022059933,0.09400435889247089,-0.006706860289192346,0.36677080932355477,-0.30070116443579054,-0.027330407806842198,0.011144323155867712,-0.004755587062179404
1229,Zakharov Function,0.03883802494261886,15000,15000,0.12998022849121266,0.03883802494261886,-0.020301777948879017,0.05439328499101619,0.04124632974881984,-0.12998022849121266,-0.04046326128733387,0.08526313173590433,-0.06643309220726415,0.05336656808894702,-0.016443187388179657,0.01573402092271898
1230,Zakharov Function,1.3342501902499604,15000,15000,0.48546099410723137,1.3342501902499604,-0.46667034172082933,0.17425373174501035,-0.003398663903186272,0.48546099410723137,-0.3385522153445819,0.21303215862989422,-0.44875411540473165,-0.10369015915464672,-0.03227581529941925,0.38809184235189503
1231,Zakharov Function,0.1629929343306363,15000,15000,0.2712889259030163,0.1629929343306363,0.0706307977324572,-0.04421647429564218,-0.08823086240543636,0.034347188245268785,0.021505739406511654,0.2712889259030163,-0.04307245591509559,-0.08232635120847168,-0.12140164169918977,0.002714912116835194
1232,Zakharov Function,0.0800152372778241,15000,15000,0.1614377209836836,0.0800152372778241,-0.034111491778259985,0.03711870667364053,0.07730340535178448,-0.13763872145254788,-0.0701140401799087,0.008888440873462125,0.1614377209836836,-0.05362320024328278,-0.07406281121607343,0.071904336757349
1233,Zakharov Function,1.5699363514435098,15000,15000,1.0461470577385377,1.5699363514435098,0.030018837351158522,-0.24300977442810595,0.3404756563943816,-0.20472174878813898,-0.0412120109509712,-0.2980061163125366,1.0461470577385377,-0.08369772844802117,-0.28043916902399024,-0.22327496901533123
1234,Zakharov Function,2.901499754688899,15000,15000,1.1738820397131797,2.901499754688899,0.6288561420484224,1.1738820397131797,0.1065316428429848,-0.024962948114425343,0.14579957843056995,-0.18015685523312264,-0.010956683434917625,0.2782694071045646,-0.35276674864486735,-0.3237116941578049
1235,Zakharov Function,17.74372207141933,15000,15000,2.130243369800276,17.74372207141933,0.6231690516569304,-1.3730255731314993,0.6049194568543288,-1.4386552099109464,1.0800174649225847,1.2420925225255206,-2.130243369800276,-1.179428370821001,1.7703261885821555,0.32798233911112074
1236,Zakharov Function,0.00961229441705427,15000,15000,0.08172252305643465,0.00961229441705427,0.0027966644595219447,-0.019811260944096798,-0.024185304214029563,-0.03565409865241799,0.08172252305643465,-0.016950856810749995,-0.010245904929568526,0.0055227858530480746,-0.0013848158462782144,-0.004536414996578038
1237,Zakharov Function,0.07955547777976704,15000,15000,0.15046039076641107,0.07955547777976704,-0.025845568750000228,-0.05248166572949266,0.12650174185778867,-0.05249568382623432,-0.05587300351068741,-0.12166080008276459,0.04525528291789825,0.15046039076641107,-0.067847478662613,-0.013796301854846121
1238,Zakharov Function,0.023526486009421074,15000,15000,0.0861203221752985,0.023526486009421074,-0.003997419957858447,0.07172715343027972,-0.010408714609345907,-0.02116272466954216,0.0861203221752985,-0.003806918918083109,-0.06860983015960898,-0.007543475468425473,-0.031432574446605646,0.04870202837507073
1239,Zakharov Function,1.222981594497401,15000,15000,0.47370577082428617,1.222981594497401,-0.04512370822192227,0.2946138076154242,0.47370577082428617,0.28793014363486413,-0.1688041975895213,-0.4614256863124182,-0.1183203041799802,0.37402853788912455,-0.09113562762532733,-0.19385987493500534
1240,Zakharov Function,0.01231550769585155,15000,15000,0.06143172760519444,0.01231550769585155,0.005843717099903625,-0.03793607060247392,0.023294599461864542,-0.03221130104057843,-0.014189417766234717,0.020558920997502138,-0.0047438648039158995,-0.022432201570139098,-0.04647881327423385,0.06143172760519444
1241,Zakharov Function,2.704013581237633e-05,15000,15000,0.0031747261841403454,2.704013581237633e-05,-0.00041116025968946973,-0.0016186716908852573,-0.001384156488140287,-0.00026183161981811515,1.9259597771269753e-05,0.0025293416566084213,0.0008589167463408984,0.0012881100551435233,0.0006148124256146324,-0.0031747261841403454
1242,Zakharov Function,0.02158788354028128,15000,15000,0.07036119184488056,0.02158788354028128,-0.07036119184488056,-0.006149767154357908,0.053864206273753185,0.006582631385795186,-0.028712216050853258,-0.048720031121427594,-0.0026744453542356834,0.013822301640640272,0.06238249712620164,-0.04536801942640545
1243,Zakharov Function,0.00521179176465652,15000,15000,0.0374401009298658,0.00521179176465652,-0.00640535977172901,0.012858131658064705,0.00012767217708190177,-0.029380808670861576,-0.0032961103613807358,-0.024763798513084072,0.0374401009298658,0.026634745760250583,0.011134455757468385,-0.026409821554173693
1244,Zakharov Function,0.10339163340443817,15000,15000,0.15888663668621827,0.10339163340443817,-0.07292874782084924,-0.14807775341753823,0.05251535989657641,-0.03788489525023847,-0.039692650799333096,-0.15888663668621827,-0.0015752944345619468,0.08589676995918613,0.042725881098154075,0.00818475815616643
1245,Zakharov Function,0.014778393976760933,15000,15000,0.06263686706703221,0.014778393976760933,-0.020368505453206037,-0.06263686706703221,0.008864642633044643,0.04673987208181807,0.03651268890248162,0.032797884230423964,-0.01679163336455801,-0.04524913795541236,-0.03343938028829787,0.03898062088445942
1246,Zakharov Function,0.0639759499633755,15000,15000,0.16996037188948565,0.0639759499633755,0.009643665697044473,-0.014598545281889412,-0.11205833282517472,-0.024161162182946033,0.023311326491398898,-0.07009695194779852,-0.12326924520354704,0.017061702585073984,-0.025578186089636232,0.16996037188948565
1247,Zakharov Function,2.113928064998397,15000,15000,1.0235962677727635,2.113928064998397,0.4632650643801187,0.2537819977105207,0.13170867482569582,0.6904859255663554,-1.0235962677727635,0.0071981799308689365,-0.1760886989670042,0.44509245509729634,-0.23983581021100744,0.07931365198588274
1248,Zakharov Function,0.02899846685670474,15000,15000,0.08086671076304701,0.02899846685670474,-0.0666921762795305,0.05287640989882146,-0.08086671076304701,0.017439108193000402,-0.019811680132797008,-0.06699074867330812,0.0266953967069766,0.05362738344298823,-0.04574592049741322,0.05133514765113191
1249,Zakharov Function,0.499712276543999,15000,15000,0.28701416474035857,0.499712276543999,0.21979079941223306,-0.06964905781423474,-0.13932256235807433,-0.28701416474035857,-0.18883363968169853,0.16976588203016166,-0.07778247853736935,0.2087491921215207,-0.1687807737725536,0.09920123541119405
1250,Zakharov Function,0.019180272176607338,15000,15000,0.10388113682338913,0.019180272176607338,-0.019512570333242,-0.016818659826922176,0.047528612320399635,-0.04012315148357643,-0.039687808352842774,0.10388113682338913,-0.030098249147946912,0.010272519347410433,-0.020964360059823633,0.002085701126815193
1251,Zakharov Function,0.0033926305240763884,15000,15000,0.03610657908144822,0.0033926305240763884,-0.004182992149696491,-0.03610657908144822,0.00832984110805346,0.008188055744623217,0.011851781384466104,-0.02345912454350759,0.0032708149129237404,0.030817278515425914,-0.002395075550303152,-0.0125847072569817
1252,Zakharov Function,0.25572383453618436,15000,15000,0.23234637712241774,0.25572383453618436,0.12919198127391582,-0.039875473677037955,0.10433693646863845,-0.11255520797835378,0.12648147674307048,0.09384579593258069,-0.23234637712241774,-0.1618110956715723,0.09645471945398687,0.03441822856844644
1253,Zakharov Function,4.174350316114206,15000,15000,1.232336294803169,4.174350316114206,0.30590616543974325,1.232336294803169,-0.07284083567114807,0.5238794349110909,-0.2564269631960815,-0.10646989288818241,0.1550133593124484,-0.5920617240815786,-0.5382734090737253,0.4006410722667329
1254,Zakharov Function,1.3211364427314558,15000,15000,0.6604464835417769,1.3211364427314558,-0.4173391497861244,-0.5905485035213156,-0.6604464835417769,-0.33758861051894823,0.2521622159082393,0.2196002642560536,0.07324205408016526,0.09711874535629256,0.2788583075002478,-0.10971541191533635
1255,Zakharov Function,0.16872495324770898,15000,15000,0.14458444528593647,0.16872495324770898,-0.06851463598248778,0.05250115407723693,-0.14458444528593647,0.01791415624927068,-0.13565151586617283,0.08086970300612423,0.09414501813194814,0.011833427573957528,-0.01729269196715688,0.05341080428728101
1256,Zakharov Function,0.0007924407675850842,15000,15000,0.015056651118888768,0.0007924407675850842,-0.0009178375760291943,-0.013361424454641672,0.008593755639667482,-0.005264742081693497,0.007212850883595613,-0.005784205582863326,0.0024604301881896214,0.0007711291098347114,0.015056651118888768,-0.013865046440324338
1257,Zakharov Function,0.5902271902009228,15000,15000,0.4856058815923937,0.5902271902009228,0.09244583976330975,0.287978832980724,-0.18376010209650093,-0.11334696269830555,-0.25597694780575014,0.4856058815923937,-0.14704796745994608,-0.08074400538792473,0.20960845821017166,-0.19113710391910393
1258,Zakharov Function,2.015222492320399,15000,15000,0.7875620611186582,2.015222492320399,-0.22380286163905938,0.06782431741922994,0.03883459785313009,0.2641119535555496,-0.7875620611186582,-0.42574817207852744,0.13401079007786326,0.6457523175833659,-0.36975083966935074,0.1425211074908096
1259,Zakharov Function,0.0563568621442053,15000,15000,0.11217839349977929,0.0563568621442053,0.11217839349977929,0.009845107286662338,0.04808641346249074,-0.09513232840232785,-0.007813361908122981,-0.0710518137033579,-0.09643528290118789,-0.004061159264361134,0.07341099239671951,0.040968024301634286
1260,Zakharov Function,1.6796274216906395,15000,15000,0.7128157421519548,1.6796274216906395,-0.4239275393867448,-0.4469349299218604,0.5609302390226515,-0.15158964129534783,0.25644652513487165,-0.518593112264051,0.7128157421519548,-0.06876830583935217,-0.183102953909534,-0.017146403512815392
1261,Zakharov Function,0.042480576291577164,15000,15000,0.12116715505004841,0.042480576291577164,0.04998711236953275,-0.02390430703966556,0.10679496933384917,0.03231594022311768,-0.12116715505004841,-0.02882589840253033,-0.07173498014157453,0.019294180887926157,-0.008378745796412283,0.07628749812462793
1262,Zakharov Function,0.007161867923822019,15000,15000,0.047056976132220166,0.007161867923822019,0.010560672387970572,0.016129413643886904,0.011752866626530904,-0.031142257619230687,-0.010133024883057031,-0.047056976132220166,-0.006733919733562216,0.033085995493899435,0.00920045536297779,-0.0013251235604414338
1263,Zakharov Function,0.2590002397336905,15000,15000,0.2702190976726938,0.2590002397336905,-0.008408142565048418,-0.2702190976726938,0.012169862747894312,-0.05815352540659299,0.21160418544312937,-0.01750093300950677,-0.118804313813203,0.11577211787345171,0.2127347762252222,-0.18804087001395495
1264,Zakharov Function,0.007334975111490823,15000,15000,0.052342632914116505,0.007334975111490823,0.03603081915565889,0.03950877033719277,-0.052342632914116505,-0.01965066440354432,0.011043607098917862,0.018323716850827686,-0.009969881848089848,-0.013244828989016057,0.018046115175781148,-0.006299204329527644
1265,Zakharov Function,0.0038617075491900995,15000,15000,0.040607464251130765,0.0038617075491900995,0.02134093592248886,0.00045936658842255645,0.040607464251130765,-0.000898942448545624,-0.01888892453888447,0.001424266943128527,-0.028347173652601282,0.0021956885619716857,-0.003379876338368115,0.0186912001343488
1266,Zakharov Function,0.009802564871543407,15000,15000,0.05408131921574329,0.009802564871543407,0.021694247158969112,-0.035017124707964226,0.020500993608087093,-0.03975437741840185,0.008573157049707882,0.02449558245193946,0.05408131921574329,-0.012495601598582335,-0.025833860733205802,-0.0008116283232123718
1267,Zakharov Function,0.48286307201461137,15000,15000,0.39603297835385254,0.48286307201461137,-0.0018516170565446716,0.22466323054779458,-0.1587711541124996,-0.07723472815451203,0.2992540832355587,0.195132430444251,-0.39603297835385254,-0.2432363043198315,-0.002786840232712501,0.22453712658873182
1268,Zakharov Function,0.5933329356498245,15000,15000,0.5616477068084236,0.5933329356498245,0.02882910620004186,0.02871707926313862,-0.4190679368451988,-0.15610140345691184,0.5616477068084236,-0.06595004402119513,0.15466199397255095,-0.2027114512017943,0.058011976528307474,-0.056302739341114766
1269,Zakharov Function,0.20105604937864038,15000,15000,0.21984299487605102,0.20105604937864038,-0.15602252912958814,-0.11160558650078865,-0.19963256790000306,-0.02204311055573105,-0.10350914146913877,0.057504628236679206,-0.0737986916431432,0.10538016680928974,0.21984299487605102,-0.06713058253052813
1270,Zakharov Function,0.0019173730529553595,15000,15000,0.028523406299555604,0.0019173730529553595,-0.007559184813332873,-0.016027053716276735,0.007875202373711712,-0.0049787121162566915,-0.028523406299555604,0.010222814364935693,-0.004538885460361481,0.00959976325167521,-0.0033172643141122357,0.013604409536434915
1271,Zakharov Function,0.00047002015547905035,15000,15000,0.015063360409545201,0.00047002015547905035,-0.0009319827982767308,0.004058167771603784,0.005200831183487948,-4.99548334628782e-05,0.005857736078467404,0.015063360409545201,0.0020716844475652182,-0.0016702879326871336,-0.01081570778976388,-0.005304414216121993
1272,Zakharov Function,0.17386409175832368,15000,15000,0.2511847900202916,0.17386409175832368,-0.016237361539757716,-0.13559477781859613,-0.04353909203400591,-0.015008836995078517,-0.2511847900202916,-0.15944175367774308,0.2141966128568933,0.04143775174506287,-0.0015995023041295853,0.10326133960763284
1273,Zakharov Function,2.3857622197694663,15000,15000,1.2013959359553694,2.3857622197694663,0.6536661295679154,-0.43097749332837204,0.33573576834372926,0.2017313152205335,0.20452307425566252,-1.2013959359553694,0.00856296146921709,0.14318388417321207,0.26515614421237993,0.05970175620678983
1274,Zakharov Function,0.0061981330157230815,15000,15000,0.06013494316110551,0.0061981330157230815,0.015306386660137321,-0.024910269569453372,0.018576803169931513,-0.06013494316110551,0.009154222923996806,-0.012964245439914226,0.028813384545660375,-0.008056326940500248,-0.0023564930533248683,0.011576274102560914
1275,Zakharov Function,19.178368308336445,15000,15000,3.1196921990642674,19.178368308336445,0.2876719688960966,1.8150501235649013,0.7422058443710196,-1.5185075536723143,-3.1196921990642674,0.08803572674464955,-0.2926398809036683,1.4895163378325145,0.34394344070873684,0.06029955446168994
1276,Zakharov Function,0.2603122489726927,15000,15000,0.27382255515448745,0.2603122489726927,-0.19765203015331717,-0.027963670750978192,0.12858846033791907,0.27382255515448745,0.06673368345431294,0.022697908652324184,-0.0785791061701771,-0.07312565133865212,-0.20287941834417744,0.07671858142208329
1277,Zakharov Function,10.139103819934968,15000,15000,2.349343832436942,10.139103819934968,0.36947674132651115,0.36093338663566876,1.0582260789439297,-0.2639572122260753,-2.349343832436942,0.3336888202330546,-1.0965943090902526,1.2832188104984414,0.001218181501358745,0.33567551670654494
1278,Zakharov Function,0.012163527240691762,15000,15000,0.05973179678079134,0.012163527240691762,0.01832519273034902,0.05973179678079134,0.016564840712953728,-0.02709315335085737,-0.04495839326306142,-0.003814221983311862,0.05141821997335366,-0.03460920845729085,-0.02261000077176322,0.02930332202190259
1279,Zakharov Function,1.9474208607546074e-07,15000,15000,0.00019995673871504348,1.9474208607546074e-07,0.00011643647729328073,-3.0305595613725416e-05,-6.538434423557529e-05,-0.00019984703933628386,0.0001332616317562791,4.203358324959499e-05,-0.00019995673871504348,0.00015432446586425175,0.00010647235389260948,-3.71900675043027e-05
1280,Zakharov Function,0.21456769147405022,15000,15000,0.27481238553912546,0.21456769147405022,0.012979758735892523,-0.2024470911063378,-0.03339185949355701,0.02030687304999615,0.21604580505198015,-0.08986314521414973,0.0463125399063036,-0.27481238553912546,0.051666073578623864,0.1513313484505665
1281,Zakharov Function,0.030469382485366913,15000,15000,0.07699733221768096,0.030469382485366913,0.07699733221768096,0.024876608006842216,0.06254323079120416,-0.05845535668675031,-0.06403686937557268,-0.012769256474422973,0.07411441031240937,-0.03116804082163091,0.05844382533043124,-0.04303357798429258
1282,Zakharov Function,0.09117738288400853,15000,15000,0.17224404694913437,0.09117738288400853,0.11707268317727326,0.0085294569586217,-0.0220826463941637,0.021408068313051754,0.05258415234065228,0.06165057015592612,0.017503351888672927,-0.17224404694913437,-0.0617104796566495,0.06745292446197285
1283,Zakharov Function,24.027940978847756,15000,15000,2.7606445155151715,24.027940978847756,-0.44121118225637224,0.40238105064782936,-0.49276274396455266,-2.412865930272852,0.538930204372585,2.2412384818027435,2.7606445155151715,-1.5999312740209737,-1.4080969507466232,0.14034822977233039
1284,Zakharov Function,0.014175177173495378,15000,15000,0.056017540756299,0.014175177173495378,0.02587842530501444,0.013655334234787098,0.0034204996184988828,-0.04057536705265291,-0.056017540756299,-0.03150764869870798,-0.01686234533425643,0.055692128058406065,-0.03142901764401554,0.05480641011540892
1285,Zakharov Function,0.0072644809385954264,15000,15000,0.04703966811086382,0.0072644809385954264,0.009863931911156063,0.0013118806774798444,0.00920457015247321,-0.04278652891363251,0.0047869711661772535,-0.04703966811086382,-0.021419206180350273,0.03928415511150314,0.026119717157021403,0.002589434586586318
1286,Zakharov Function,0.05308871352534426,15000,15000,0.1321350614598218,0.05308871352534426,-0.025012243055703376,-0.041121475805909274,0.006456610616185325,-0.10186518473443062,0.1321350614598218,-0.029488203696290988,-0.00963077969916163,0.04768719546701425,0.019365855126038403,-0.07133972564065046
1287,Zakharov Function,0.87588264738891,15000,15000,0.6898580045381815,0.87588264738891,-0.12032994949830333,0.6898580045381815,-0.282185424388829,0.1246318218139083,-0.03868213875215076,0.017442208660654747,0.05404327899226602,-0.4625190332391609,0.01798510423020836,0.19852747549475253
1288,Zakharov Function,0.004959007990054602,15000,15000,0.030195670087960914,0.004959007990054602,0.010687955095899496,-0.030195670087960914,0.00628786694419016,-0.019806985933738676,-0.02441253639826759,-0.015607057252189735,0.010327274061212652,0.020422327535010203,-0.00514062189300175,0.004500511067497376
1289,Zakharov Function,0.00036947584042725727,15000,15000,0.009515691384253119,0.00036947584042725727,-0.008315536547471488,0.004216769815153967,0.005023466930388203,-0.001418633280749653,0.009515691384253119,0.001325168251858196,0.00027499502671806124,-0.009322007986085946,-0.0029161943760977827,0.004729188099869149
1290,Zakharov Function,0.32451605018717283,15000,15000,0.276553635519663,0.32451605018717283,0.0624643169599699,-0.07073270374024435,-0.11993198171098655,0.057887926471695474,-0.276553635519663,0.13570748852003411,0.17569331813826441,-0.054141848515329605,0.20885730464702018,-0.24052561258468425
1291,Zakharov Function,0.10146884143498985,15000,15000,0.1828641907871149,0.10146884143498985,0.13288988049635925,0.03355803988305561,0.05135315485786929,-0.1828641907871149,-0.04441096854736991,0.14287013052625525,-0.03355173840688229,-0.062333359820770554,0.09157198411648865,-0.014335933571464773
1292,Zakharov Function,21.569647656065946,15000,15000,2.2989804563093674,21.569647656065946,-1.7623308767504788,1.4053926100503933,1.4735961582633517,0.856060689292572,-1.836908720293915,0.6945992623874391,0.12388751549522414,-0.5044926829188412,-2.2989804563093674,2.0344146173213407
1293,Zakharov Function,6.268957262455558,15000,15000,1.9076341059454591,6.268957262455558,-0.3108418396919955,0.28747296910013775,-0.14370220384857313,-0.02910442455852546,-0.1881611818555979,0.20711426857622595,-0.6897391678017847,1.9076341059454591,-1.3499470261043343,0.1329959275534574
1294,Zakharov Function,1.277598739083959,15000,15000,0.6785633597818141,1.277598739083959,0.019921882383302447,0.6785633597818141,0.4006465573204758,0.5050824579474134,-0.35788710658769163,-0.20262274613085057,-0.09521969544767656,-0.40258702939038427,-0.023209722512108566,0.24266423462097364
1295,Zakharov Function,0.012284455100026468,15000,15000,0.06556035226210587,0.012284455100026468,0.03162254891566914,-0.02804559893913322,0.006877066815662122,0.06556035226210587,-0.038242526352062156,0.026498908015327994,-0.04255422863257656,0.018853676937250798,-0.01731799069525891,0.014879545663408697
1296,Zakharov Function,0.15348357795726336,15000,15000,0.34188840999970527,0.15348357795726336,-0.01743118874170927,-0.009132049795041931,-0.045230827754712016,-0.14621800854567446,0.34188840999970527,0.048462838503111325,-0.07017872074991725,-0.06733824126765514,0.006208872960371083,-0.028963452984666002
1297,Zakharov Function,7.255426978609878,15000,15000,1.72185143048562,7.255426978609878,0.032453217284224414,-0.37890581771175563,-0.7874475640717524,0.15059922951885069,-0.33196528308133044,1.72185143048562,-1.01496737368901,-1.1463186508820735,0.6814025080579058,0.2737605079786314
1298,Zakharov Function,1.2281239664835295,15000,15000,0.7887794334254808,1.2281239664835295,-0.06012629327270895,-0.08889105648689283,-0.31629753368786734,-0.17967463342561824,0.7887794334254808,-0.43068064885835183,-0.274595387568241,-0.2595853497724546,0.33048842244494914,0.15687900267737132
1299,Zakharov Function,0.0006521383234752972,15000,15000,0.01752204795012997,0.0006521383234752972,-0.0055134153440389065,-0.0013460919490075767,0.0020500385603626943,0.004743641121775551,0.01752204795012997,0.0008672423793455114,-0.0003139468234723006,0.0008751213164247516,0.0035733974496611645,-0.012525767115507446
1300,Zakharov Function,0.0013690515683015267,20000,20000,0.019388382029204097,0.0013690515683015267,0.005557694316235548,-0.011585134454690288,0.01348570089052117,-0.0076333353580933395,0.009593187550612099,-0.0069143389425694295,0.008257993790233472,0.00017462027985351916,0.017154428685130552,-0.019388382029204097
1301,Zakharov Function,0.002857921591394102,20000,20000,0.03116831084503547,0.002857921591394102,0.013877014116308466,-0.016396578714483155,-0.028590323234161635,-0.03116831084503547,0.01682111301391704,0.003604465620627613,0.007916827517600897,-0.005718516264282582,0.010006072460234978,0.0002351679103196544
1302,Zakharov Function,1.9103416874488386,20000,20000,0.9749887031763964,1.9103416874488386,-0.07473907390581716,-0.5761530742129425,-0.14670631309589116,-0.19233409976178195,0.9749887031763964,-0.5815083969109477,-0.18237708232514332,0.18177802633178827,-0.17855790901333124,0.18998073272757676
1303,Zakharov Function,0.01730531045532926,20000,20000,0.051719528338195035,0.01730531045532926,0.02700771280803215,0.046042477261743514,0.051719528338195035,0.007486884532278734,-0.012119921192465005,-0.04794699834313525,-0.011987874270868573,0.020646760900697315,-0.00720959022009781,0.02083385782633139
1304,Zakharov Function,1.0965913641749077,20000,20000,0.5592892357710655,1.0965913641749077,-0.47046778690111235,-0.13051730241491527,0.5592892357710655,-0.11527663845434047,-0.3538273260988941,-0.3375726055214587,-0.13580774377774557,-0.1713779416310823,0.4763753028926432,0.12344439434424631
1305,Zakharov Function,0.07171194638329707,20000,20000,0.1356842408186526,0.07171194638329707,-0.1356842408186526,0.07852558604815807,-0.053482421061870136,-0.06511396905907653,-0.06839204296951734,0.13432519329040105,0.04738855895563289,0.009031808691643488,-0.09590385633621033,0.05078494928443768
1306,Zakharov Function,0.32807629033657615,20000,20000,0.2771565065117262,0.32807629033657615,0.15284569612570464,-0.10579060874151833,-0.07112012816163421,0.06729086232367902,-0.022849491028965094,-0.1320405431278176,-0.016077535268929292,0.2597376309064915,-0.2771565065117262,0.19900356608974076
1307,Zakharov Function,1.14988073127571e-05,20000,20000,0.0027180168949253107,1.14988073127571e-05,0.00038101845696263635,-0.00031685243990454406,0.00026567181681214655,-0.000723329598510157,-0.0027180168949253107,-0.0003857779927281894,0.0010723068594649277,-0.0006642098708009549,0.0010503352417349906,0.0006539040447228013
1308,Zakharov Function,0.07151684288645055,20000,20000,0.08218846132303884,0.07151684288645055,-0.015384611559979937,0.03556756415589729,0.00915053725664031,0.029512498007542624,0.004602455698309168,-0.06437537151182382,0.003107002617039556,0.08218846132303884,-0.004548536236583949,-0.0006966995352928329
1309,Zakharov Function,5.17101800593214,20000,20000,1.4556885073835293,5.17101800593214,0.8863911242094655,0.3016677413730877,-0.7034013636367651,0.32549938948988366,0.5363166181167749,0.7392794625960175,0.3225931384123729,0.6908519479337453,-1.4556885073835293,-0.2993279508449826
1310,Zakharov Function,1.2976699110941237,20000,20000,0.7026857799311745,1.2976699110941237,0.03129209189112875,0.369520024836205,-0.2987062823515917,0.007427695328348166,0.1103785089764186,-0.1730149203680878,0.7026857799311745,-0.4801901440156727,-0.4128763660822672,0.34585183755703286
1311,Zakharov Function,0.0015833579757290994,20000,20000,0.019919318810441053,0.0015833579757290994,0.0009514156250497452,-0.006967868177854362,-0.019919318810441053,-0.0005241116879888472,-0.003832181549366853,-0.01284899921969615,0.018881220561860944,-0.016909474889273836,0.014462298112044948,0.002407309892292515
1312,Zakharov Function,0.05894589748687665,20000,20000,0.17408465256630665,0.05894589748687665,-0.04762863439536237,0.17408465256630665,0.05471968299109645,-0.06442718329480758,0.012335898502913702,-0.047712051090425166,-0.026970455377061747,0.011144308322085222,0.029931117796353726,0.009076607751762479
1313,Zakharov Function,0.0008602370268763572,20000,20000,0.02401440594858044,0.0008602370268763572,-0.0066417687662276344,0.004776490139970337,-0.0017511856148843831,0.02401440594858044,-0.005072712052871301,0.005832996668399769,-0.001313565315742983,-0.0024975907689641693,-0.009022743359024527,0.002244248709633551
1314,Zakharov Function,25.265783211345923,20000,20000,2.925334105863619,25.265783211345923,-0.2916210849128825,1.4643317520322223,0.16938729887211879,-2.456679403916433,-0.5053232088280394,1.4087986996053392,0.23516472424235269,2.925334105863619,-2.414374471341871,-0.16330555604714053
1315,Zakharov Function,1.1495972347933456,20000,20000,0.7315557032994587,1.1495972347933456,0.001326109589110152,-0.12535392495595082,-0.33539694534029474,0.10152347727087804,0.7315557032994587,-0.04912126813371148,0.4820170352914961,-0.45964752035019424,-0.0913679438617529,-0.12280755383357045
1316,Zakharov Function,0.011869464488942856,20000,20000,0.06389272687194839,0.011869464488942856,-0.032583816988032546,0.028491403098706042,-0.03466623550794887,-0.003435259919520336,0.013004645911341681,-0.06389272687194839,-0.03212472763571904,0.02579191063359826,0.05190072348425144,-0.0013371544589497282
1317,Zakharov Function,0.03465546640259408,20000,20000,0.1098817940261121,0.03465546640259408,-0.03608496921227447,0.010634130663857154,-0.01585831921530995,0.07963273179989558,0.056597138992707324,-0.1098817940261121,-0.004752360033931742,-0.07966388407276014,0.009009282048323549,0.06996406404626185
1318,Zakharov Function,0.00013781234175537754,20000,20000,0.0071865705495570585,0.00013781234175537754,-3.710245635842339e-05,-0.0026216344176214616,0.0071865705495570585,0.0023036843766647214,-0.004621762004987866,0.0010692867451719426,-0.006586321792104644,0.0007199345869039371,0.002176299884402974,0.0009118427651952
1319,Zakharov Function,1.2220719731697756,20000,20000,0.6310137088260542,1.2220719731697756,-0.09564681259749266,0.08008470458776225,-0.30084353560141497,0.6310137088260542,-0.20453925701200415,-0.474191276260137,0.07181044936260228,-0.4813788659740136,0.3585556411575196,0.18620250253425535
1320,Zakharov Function,3.3551950883502983,20000,20000,1.2069983431888507,3.3551950883502983,-0.07849823101254161,-0.8199319513711649,0.058388783857344334,-0.18143509338975955,-0.4455643751300745,-0.5885456893018196,1.2069983431888507,0.4109041842380392,-0.4382288312837326,-0.07086184505461857
1321,Zakharov Function,0.6149581564640854,20000,20000,0.38036649425211133,0.6149581564640854,-0.3007766371227218,0.08618094760708353,0.22094145822983624,-0.3331727065696937,0.13510302240906508,-0.38036649425211133,-0.11400915510212489,0.2417126786617646,-0.07732217256948573,0.24330707051663403
1322,Zakharov Function,0.12167263172412945,20000,20000,0.2267404254027185,0.12167263172412945,0.0517089274027841,-0.13877814062331933,0.2267404254027185,0.0022511746866480387,-0.05113146917304806,-0.0001738728354278643,0.09565520982675105,-0.01905991183745482,0.08796397718148695,-0.13021849564876825
1323,Zakharov Function,0.02070802675993975,20000,20000,0.111099678786723,0.02070802675993975,-0.014705237408163065,-0.041590226872015135,0.111099678786723,-0.05635034036064622,0.01517382939006936,-0.047858875713712154,-0.006316007311985186,0.021586636894849583,0.0018705658333089872,0.00803568817375713
1324,Zakharov Function,0.10283224650380682,20000,20000,0.2248513227081233,0.10283224650380682,0.09862834271940313,0.02219378284689205,0.2248513227081233,0.02478770511504501,0.042161917475229765,0.06929157864029775,-0.025382230580328402,0.07893933064680478,-0.08892155207875427,-0.09963221583993861
1325,Zakharov Function,5.817547983824001,20000,20000,1.0781413801084105,5.817547983824001,0.996945155497696,-0.6727275128175733,-0.33342105935957667,0.5174776719922125,0.4288198131615817,1.0464012295922984,-0.5809227075183441,0.2224706358399679,-1.0781413801084105,0.44014815229935295
1326,Zakharov Function,0.5006792296725543,20000,20000,0.43547748223346927,0.5006792296725543,-0.025897912918182886,0.3413601783824891,-0.2951616620480246,0.1532063456309744,0.11049627710405191,-0.015679191398754844,-0.43547748223346927,0.20048328353668926,-0.03419309240785637,0.05915805452799805
1327,Zakharov Function,1.642113262862476e-05,20000,20000,0.0017066338855089938,1.642113262862476e-05,-0.00016456492928483449,8.491402982898494e-05,0.0012607172308754843,0.0008447586702568181,0.0017066338855089938,-0.0011076146621421291,-0.0013725535555153025,0.0002728153227839112,0.00012058097589130842,0.0002903023387554381
1328,Zakharov Function,0.02943132475703851,20000,20000,0.08632261753490632,0.02943132475703851,-0.046533740244897134,-0.0042959659574742515,0.0594095339964833,0.07697389398632046,-0.08632261753490632,0.01627487096174852,0.056043841883385806,-0.043432876146200464,-0.03461142714548099,0.00460853767997943
1329,Zakharov Function,2.3236162174017245,20000,20000,0.7519313887655836,2.3236162174017245,0.13197326842358087,0.25151580146071706,0.19295580835317705,0.7242636589906619,0.7519313887655836,0.43657398076696563,-0.6952094337528198,-0.6499649872628215,-0.04656176004974316,-0.025991447623566644
1330,Zakharov Function,6.489616064530321e-07,20000,20000,0.00043917579243060983,6.489616064530321e-07,-7.78541556394294e-05,-1.7184426204354663e-05,0.0002021024798950595,-0.0004199988074027614,-0.000200572428750426,-2.622673059910612e-05,0.0003001349970731691,-0.0002069364094885614,0.00043917579243060983,-0.00017085482395085615
1331,Zakharov Function,0.042702640723708184,20000,20000,0.10256578236828956,0.042702640723708184,0.02389343613051992,0.006384762597036073,0.07141294399997267,-0.10256578236828956,0.05768558755018499,-0.08811408702581569,0.05829969714308045,0.0661959154830216,-0.06462655519814542,-0.007231834131177867
1332,Zakharov Function,1.3570950002022341e-05,20000,20000,0.0020971045964558706,1.3570950002022341e-05,0.0005662048171065979,-0.00041064466649872215,0.00094443321544474,-0.0012711026066876507,0.0010474716640655921,-6.679131537566939e-05,0.0020971045964558706,-0.0005586312819648966,-0.0002972058493227612,-0.0013278553301316327
1333,Zakharov Function,0.24827686184426936,20000,20000,0.2910014999129399,0.24827686184426936,-0.02313792005395956,0.18471934947114907,-0.11019182526168297,-0.07297319939461655,-0.24745181203214295,0.022315745411333063,0.2910014999129399,0.06133398940546422,0.048700813073184426,-0.12574405346194928
1334,Zakharov Function,0.002423281092705354,20000,20000,0.03895449375220631,0.002423281092705354,-0.00026617798566742597,-0.0010562600740027898,-0.007878377144466611,-0.00615911355959305,0.011674250438718479,0.02100660710870163,-0.03895449375220631,0.008940433517111353,0.005091899068781099,0.004192932232332466
1335,Zakharov Function,0.004261198225644027,20000,20000,0.031198529762613884,0.004261198225644027,-0.0029756141780632097,0.0024199211674936424,-0.031198529762613884,-0.013459608264549786,-0.017549326308322212,-0.007512365247714481,0.02523578120118738,-0.012545346463868637,0.005091809766261434,0.0070142616036971365
1336,Zakharov Function,5.813127274406688,20000,20000,1.5296252421250225,5.813127274406688,0.3266760785856823,-0.7549053297400126,-0.3625391352929226,0.4961404149324429,-0.6116103832988367,-0.6103172308116176,-1.5296252421250225,0.9948131019850159,0.7556155036092651,0.3168765732904958
1337,Zakharov Function,0.00086300860441375,20000,20000,0.017403329579318203,0.00086300860441375,-0.002520378396004544,0.007241053967266615,0.006865486141582292,0.0009630130171079266,-0.0048188067405461514,-0.0002147929055072821,0.015983550206039084,-0.005279321969024042,0.011325953203801406,-0.017403329579318203
1338,Zakharov Function,8.781514685690667,20000,20000,1.6062237692412646,8.781514685690667,-1.0386498721830728,-0.4682642326633102,-0.6322153399755133,1.6062237692412646,-1.15326498461473,-0.21957690327452595,1.2440504861227013,-0.061582071007607264,-0.7626517377243079,0.16261616474389448
1339,Zakharov Function,3.976670788986673,20000,20000,1.2691900661850593,3.976670788986673,-0.020778974556131063,-0.10801903246990285,-0.8623149205144613,-0.04811926780484831,-0.4709284192841028,1.2691900661850593,0.3747738490574737,0.6622546509384841,-0.267895174981863,-0.822588346251266
1340,Zakharov Function,0.015366063750597124,20000,20000,0.08133075813479795,0.015366063750597124,0.0436073545322314,0.026915952575907273,0.02033897301063908,-0.08133075813479795,0.03194920883904662,0.041468921548488843,0.023493767905021497,-0.03313574566575896,-0.025768584364138418,0.013449510523750558
1341,Zakharov Function,0.02724512590745775,20000,20000,0.08271301930136876,0.02724512590745775,-0.019951665108139383,-0.003387213640352737,0.08271301930136876,0.034589996529205594,0.0329520112752142,-0.031982622173081246,-0.06330515316161452,0.03392420709702239,0.0717783994453236,-0.07546087748637598
1342,Zakharov Function,0.0296735469524042,20000,20000,0.11938114108540654,0.0296735469524042,-0.020943253462163545,0.04313273623317766,-0.0156700655698295,0.09477510186389454,-0.11938114108540654,0.036882854005742705,0.02560753045967622,-0.0007805941168746791,-0.02214461226776722,-0.00686871078165253
1343,Zakharov Function,0.05690786152049228,20000,20000,0.07896158026165198,0.05690786152049228,0.07561521244893299,0.07896158026165198,0.016527630530600194,-0.02629784976029404,0.00023305210601887172,0.02204738964021275,-0.0446886380953329,0.01625282044943273,0.04654780549456891,-0.01606356273717953
1344,Zakharov Function,0.3675668378479143,20000,20000,0.27106278980625065,0.3675668378479143,-0.0724105161290256,-0.1657446673390912,-0.27106278980625065,-0.20133907973254767,0.06883474989112698,0.2493671649066732,0.21062871728361154,-0.26038231081438357,-0.09404113344623768,0.17397699648180448
1345,Zakharov Function,6.685556371565752e-05,20000,20000,0.006399509999242076,6.685556371565752e-05,0.000842648993956602,0.00043742239670231154,0.002767710158465629,-0.0018013795082194566,-0.002496280152886701,-0.0005356699595188073,-0.0011609533061515275,0.006399509999242076,-0.0013739767908760325,-0.001936243342079444
1346,Zakharov Function,8.345873715077106,20000,20000,1.651045720641389,8.345873715077106,0.574127270241154,-0.11539772123016848,0.1696629919584827,0.5028487777372378,1.0662233448071252,-1.389425444944993,-1.651045720641389,1.3560042280971158,0.2604324483529685,-0.1432664839705651
1347,Zakharov Function,0.01291802157328478,20000,20000,0.034917930674675045,0.01291802157328478,0.005060374178746038,0.029779759652837114,0.034917930674675045,0.02041885453538801,-0.007090939479631497,-0.003629193297376234,-0.026283383019691277,-0.009845155767650299,0.03233035147838034,-0.00388811754223713
1348,Zakharov Function,0.013527146736961343,20000,20000,0.07306867791795447,0.013527146736961343,0.07306867791795447,-0.041664107554374955,0.039880381293522074,-0.009197054900732908,-0.05563343721175154,0.0048881538282436465,0.039039383950406466,-0.002240188833043364,-0.00481387506319482,-0.001543196577572098
1349,Zakharov Function,0.0018625889039719922,20000,20000,0.02781765661504111,0.0018625889039719922,-0.0012741673927148221,-0.015688486052207046,0.005482060959623242,0.02781765661504111,0.0008505819313797992,-0.013473331409830043,-0.006061667624353256,0.014419458562059013,-0.01815570898309627,0.0073421540473837515
1350,Zakharov Function,0.00019286257485498948,20000,20000,0.008124023548474937,0.00019286257485498948,0.008124023548474937,-0.0018092918912033691,-0.000461254532664138,0.0013944644889548807,-0.004743900675054608,0.007150191566620143,-0.0020754231319770637,-0.0030352073137476414,-0.0024969420619069746,0.004027816513255926
1351,Zakharov Function,0.7718822190654206,20000,20000,0.5594850523914473,0.7718822190654206,0.009205275448842155,-0.051422807116959374,-0.1655590003449668,0.33559004517921653,-0.16154640291204997,0.1641148815780271,-0.5594850523914473,0.4885885580184429,-0.14078205756243795,0.02186754485249935
1352,Zakharov Function,5.273417289526318,20000,20000,1.1791688707437733,5.273417289526318,0.2752923059415857,0.06848066774516404,-0.5399010736275391,0.3763008474046989,0.6934792678681438,-1.1585122298387527,0.934857072180977,-1.1791688707437733,0.7464075448650322,-0.12469267476446358
1353,Zakharov Function,0.15586192127402132,20000,20000,0.22294114663852332,0.15586192127402132,0.14841026421694575,0.0033309999734872434,-0.034165620496916,0.12202351537274214,-0.22294114663852332,-0.15640191917593166,0.0973280127737532,0.17030808846340448,-0.06859208701997312,0.011940768261488818
1354,Zakharov Function,22.211959376194983,20000,20000,2.5915277475398306,22.211959376194983,0.012705615694151157,0.7355394490645999,-0.9939496239537109,-0.6230630193409687,1.9886506147636127,1.8085463229068122,-1.255431893337514,-0.5932203541758048,-2.5915277475398306,2.0730147858066066
1355,Zakharov Function,0.1607009785571461,20000,20000,0.25411902338691156,0.1607009785571461,0.25411902338691156,0.007118792120069273,-0.16256994252522586,-0.1184930380633441,0.06932232620314982,0.15030572293302175,0.09142950149765416,-0.13256234078140522,-0.03842512993035799,0.024076207253316148
1356,Zakharov Function,0.001571666845217257,20000,20000,0.023092883986962062,0.001571666845217257,-0.00510045821462485,0.0069178264272989455,0.023092883986962062,-0.011235258736653432,0.013369615633166524,0.004711126252516308,6.549992981910236e-05,-0.0018768226002066095,0.010162120851328326,-0.017518396400110506
1357,Zakharov Function,0.022431892823215456,20000,20000,0.07768752194169223,0.022431892823215456,-0.026668079725211135,0.034151586083238414,0.019063005868098115,0.06471686185683152,-0.014415229598795744,0.0564519697663407,-0.06494452806540435,0.045715444369586744,-0.07768752194169223,0.016271789732502134
1358,Zakharov Function,2.256776782411769,20000,20000,1.0786283209101617,2.256776782411769,-0.006779239092567613,-0.4057906664717069,0.5612264921749627,0.4856371965244478,0.11226382809394977,-0.31992567999109933,-1.0786283209101617,0.4345836946804503,-0.013655961490709578,0.25737525232215486
1359,Zakharov Function,1.1814956193190347,20000,20000,0.5729736622309445,1.1814956193190347,0.49920071818885225,0.23548618570655044,0.061262814474532995,0.11847051382220986,-0.5479283491948387,0.5729736622309445,-0.19066632727118252,0.04732648838953405,0.037346215125408755,-0.09125627225913005
1360,Zakharov Function,0.8217419745181426,20000,20000,0.5388575295784862,0.8217419745181426,-0.014431514713979215,0.2200628593242682,-0.20563215218358766,0.5388575295784862,-0.3998411684261026,-0.24526609098806712,0.37524423443614763,-0.023412023750328956,0.033728495389581226,-0.16730563783995395
1361,Zakharov Function,0.7028846672168989,20000,20000,0.6438909393185117,0.7028846672168989,0.052626573123568526,0.14113393943523367,0.40185851303270015,0.07026215243305682,-0.6438909393185117,0.16106225432577237,-0.19001213107172904,0.15077067054557863,0.10490961144338906,-0.028757620653723878
1362,Zakharov Function,0.0013483101949109551,20000,20000,0.024220926544355093,0.0013483101949109551,-0.00943442633026299,-0.0012323854551655926,-0.024220926544355093,-0.01644433666931463,0.008311857724995278,0.004477270246612337,0.0035920553021648247,-0.00776070632628678,-0.0025119120113934476,0.012366594856305632
1363,Zakharov Function,0.001069723560220779,20000,20000,0.026759231652000923,0.001069723560220779,0.026759231652000923,-0.003039440077327981,-0.0009334030041802492,0.0021162542136166926,0.000286544810882112,0.0006836334382474647,-0.0131998314835699,-0.007479407640664514,0.00975630300597488,0.0027909769928334514
1364,Zakharov Function,4.276580833873521e-06,20000,20000,0.0012455052398210363,4.276580833873521e-06,-0.0007187890729357997,-0.0006692358162687735,-0.00022720630766951246,-0.00030531040413677454,-0.0005335443596504254,-0.0004535047459208808,-0.0009078524296985118,0.00031312301574830327,-1.7489063201820467e-05,0.0012455052398210363
1365,Zakharov Function,0.008901897845207342,20000,20000,0.05145518604202522,0.008901897845207342,-0.018512102999093255,-0.015588415876565745,-0.003991862511956171,0.04166829417681325,-0.03457100513110464,0.04143810188480902,-0.009282459069024196,0.015109669900533765,-0.05145518604202522,0.02452127623564237
1366,Zakharov Function,1.4064491197364173,20000,20000,0.7725035220030645,1.4064491197364173,0.016678978453718143,-0.7725035220030645,-0.21490321208352248,0.19896028156007806,0.24047859954046896,-0.22808071044902706,-0.07897394676490405,0.022777246674478557,-0.04829379451499549,0.10547551814200357
1367,Zakharov Function,0.0404161664731595,20000,20000,0.1168863009620005,0.0404161664731595,0.0017319142707628611,0.028101608634217873,0.048413225415341994,-0.10692435552960894,0.1168863009620005,0.0351246104246455,-0.0379897508218216,-0.005388382167932165,-0.01358927189455898,0.005232819548719882
1368,Zakharov Function,0.0011379844794017833,20000,20000,0.01601458812124438,0.0011379844794017833,-0.003932309269209859,-0.010242594094200808,0.015229353334907153,0.005162172389039387,-0.01582987777032859,-0.007604523743439458,0.002117539109545279,0.01601458812124438,-0.012199583119404334,0.003969928856155672
1369,Zakharov Function,7.030223524906509,20000,20000,1.3795645038472375,7.030223524906509,-1.0491460368347925,-0.8828296567108302,-0.22687728372285798,0.6650223795881085,0.25861098411149497,1.3795645038472375,-1.0064010907259515,-1.1512870577839396,0.40196269948784946,0.3382915025268669
1370,Zakharov Function,0.14074506952341637,20000,20000,0.21731959209330004,0.14074506952341637,-0.014693855768653508,0.1467857654354683,-0.11785002837589842,0.04128875541765925,0.21731959209330004,0.17881881679245254,-0.0803120634674449,-0.06936735227783916,-0.07147486196104982,-0.061613464459265715
1371,Zakharov Function,0.160201986003343,20000,20000,0.23982654722650343,0.160201986003343,0.014910482961236128,-0.021530666488373984,-0.02943131180971509,0.07749454270760861,-0.07121709318674901,0.1536287835299463,0.05312564162932715,-0.23982654722650343,-0.0599222698186427,0.16784559856754291
1372,Zakharov Function,0.0009024126100923332,20000,20000,0.01578487624644655,0.0009024126100923332,0.011229890448773266,-0.01578487624644655,-0.0059629982538857065,-0.005242436962473519,-0.0013863359864708753,0.015665520413445676,-0.008032706726468202,0.007756610486957034,-0.008443636634555218,0.0036970749386796235
1373,Zakharov Function,15.008148602232147,20000,20000,2.5726462642501544,15.008148602232147,-0.3145836732589212,0.7893078178279938,0.5772787308714648,1.2204208782890213,-1.0086169711818773,-2.5726462642501544,-1.3740455583831894,1.427483681406263,0.1879877722158233,0.8334317183183113
1374,Zakharov Function,4.417719622406327,20000,20000,1.5749055391081614,4.417719622406327,-0.022754758245812978,0.46295712253320653,0.09537355594556335,-1.5749055391081614,0.3632799207577079,0.8235276378216547,0.5994442478765708,-0.24622621917020948,-0.5615392127573512,0.18699388239251005
1375,Zakharov Function,0.000563780848257302,20000,20000,0.016524750816531597,0.000563780848257302,0.004367294967447002,-0.007914921968220774,0.011352179006310952,-1.6325000441144493e-05,0.007964917148788992,-0.016524750816531597,0.0007011505747019781,-0.0008356114326174171,0.003484111611836576,0.0010249902485194168
1376,Zakharov Function,0.2958479134400101,20000,20000,0.3304094252326498,0.2958479134400101,0.026634075328343332,0.20913121012441044,0.1658155703519839,-0.09656778337214195,-0.14138842594948542,0.06587699169756397,-0.3304094252326498,0.2721764707890749,0.05643325379236147,-0.0617795272293111
1377,Zakharov Function,0.009811117752076378,20000,20000,0.04969199116925671,0.009811117752076378,-0.01601656295193164,-0.02439538272731371,-0.0268408228097681,0.02140236117763094,0.04969199116925671,-0.0186719619748677,0.018224789695958837,0.002500045574750645,0.005475731545661337,-0.014126134573600572
1378,Zakharov Function,0.03353135721560479,20000,20000,0.09395755203245011,0.03353135721560479,-0.013387375495060277,-0.0680489702660941,-0.06048861416628609,0.012525125132934356,0.07692250581523663,0.02465813202286901,-0.03042582200895829,0.07629606125816282,-0.09395755203245011,0.009234374839342878
1379,Zakharov Function,0.07545293276242623,20000,20000,0.13823682173545077,0.07545293276242623,-0.13823682173545077,-0.12364327871830542,0.0477483000372244,0.06939044514418519,-0.0963653670337215,-0.029418994871108703,-0.025713441111703844,0.094651484921277,0.09116366327292658,-0.07244503913051575
1380,Zakharov Function,0.6690987707303546,20000,20000,0.5185533501655334,0.6690987707303546,0.08344106290732395,0.5185533501655334,0.2074474208875785,-0.05479536997005319,-0.08422738126852103,0.267908064371322,-0.2646104959646193,0.15023782269943028,-0.38871830979132016,0.15183926420522054
1381,Zakharov Function,0.0833669956702442,20000,20000,0.11703377541247642,0.0833669956702442,-0.053416486841650124,0.11703377541247642,-0.02786451176636906,0.0038913328579803508,-0.030719957388406667,0.05787112293065569,0.03250655273592179,-0.022812048049432848,-0.11235737472212912,0.02358700844816191
1382,Zakharov Function,1.2785069836401866,20000,20000,0.5565746341225166,1.2785069836401866,0.5242142860453947,-0.05929288261724586,-0.05806020131051208,0.3983334241777333,-0.27520159529016813,-0.4114730299551562,-0.5565746341225166,0.0670864212106786,0.5110271723349413,0.053878364649379604
1383,Zakharov Function,0.11315170342717495,20000,20000,0.20930988192333738,0.11315170342717495,-0.05431196143299871,0.07897615680126682,0.1412806350905614,-0.20930988192333738,-0.062042301628684154,-0.053750444464604176,-0.051903119741165946,0.054898195674351113,0.10872532095197553,0.013706549839643256
1384,Zakharov Function,0.0056505468227056235,20000,20000,0.03604931271575664,0.0056505468227056235,0.019229928807318816,-0.03604931271575664,-0.016315120965685263,-0.0122088896178092,0.015778647587095816,0.030701149437194986,-0.035366829457864984,-0.0015439622220518034,-0.0008666115933264589,0.009086836258365039
1385,Zakharov Function,0.0033319101986811167,20000,20000,0.0352105408976683,0.0033319101986811167,-0.024571055218231875,0.007064740364405237,0.0352105408976683,-0.006589965461557389,0.0011806965024368406,0.00858167789657636,0.008555577164432376,0.01765254836117197,-0.010066344460943524,-0.026131288919284075
1386,Zakharov Function,24.41980645182669,20000,20000,3.6597942185955006,24.41980645182669,0.24100034285103822,0.8256558489509476,0.6417993299085165,-2.6401556654707665,-1.0481084665977416,-0.12150638544942813,3.6597942185955006,-0.4030000192845178,-0.6753712726805285,-0.5122584906492997
1387,Zakharov Function,0.07437310596511278,20000,20000,0.17632652453982395,0.07437310596511278,-0.0345591992197988,-0.008780780334011272,0.057946693319562315,0.12123534519729737,0.14065143483657983,-0.17632652453982395,0.03636015765391895,-0.017964975057009988,-0.049587775558891455,0.007823237858546772
1388,Zakharov Function,0.0004544290044654355,20000,20000,0.012124645357216246,0.0004544290044654355,0.012124645357216246,-0.0007481422596890982,0.00740496289891026,-0.009814935675563251,-0.000780316027648669,-0.005542141770793131,0.001666740864416592,0.00992144585490518,-0.0037387581903235052,-0.0018602193227621165
1389,Zakharov Function,0.0012200096977758067,20000,20000,0.021465593325531798,0.0012200096977758067,-0.014485785762596896,-0.0008066145380594605,-0.006647980892870161,-0.021465593325531798,-0.01347282255050731,-0.003921276482942509,-0.0042496509501759976,0.005764080202200393,0.0064921216749518895,0.012175804464455733
1390,Zakharov Function,0.0014006494543526507,20000,20000,0.025841372106747605,0.0014006494543526507,-0.025841372106747605,0.0017323717530228116,0.010522829291529437,-0.007768712869494054,0.01874189353932362,-0.007490172876880811,0.00824761974880659,-0.008390751978615805,-0.0010372306738937812,-0.0001256086532848335
1391,Zakharov Function,0.0015584810116599367,20000,20000,0.02701136999656356,0.0015584810116599367,0.013808865536285918,0.003975573953575916,-0.0013710890474048984,0.011068149340305675,0.005889310904452956,-0.008218632058930225,-0.0013061718992548547,0.02701136999656356,-0.006393029309122162,-0.018246152326598576
1392,Zakharov Function,0.00011898789124561219,20000,20000,0.005982227662526927,0.00011898789124561219,-0.00450010754971303,0.0013442144150460395,-0.0006513838102343338,0.0025795337962036006,-0.005982227662526927,0.00393858234031479,-0.0032456821385797407,0.004255268081839754,0.00017463270598866562,-0.001828067020927652
1393,Zakharov Function,0.16402481639126393,20000,20000,0.19584603720472393,0.16402481639126393,0.05870890468563335,0.008128632103444137,0.09656831635831992,-0.16132680045557837,-0.05842884594346731,0.023206853300077504,-0.12688965660233315,-0.19584603720472393,0.12783504570649926,0.13906898017989688
1394,Zakharov Function,0.029588480916381974,20000,20000,0.0959266332862378,0.029588480916381974,-0.03668252982839247,0.07857269636235706,-0.04377491260375455,0.051762625817997336,-0.04072396585441153,-0.03608394807588841,0.0959266332862378,0.029725451606752575,-0.06573479047239598,-0.008093425447428162
1395,Zakharov Function,1.6229803369553168,20000,20000,0.49608506302774547,1.6229803369553168,-0.4291919325885354,-0.49608506302774547,-0.4837470983180193,0.37180935261626014,0.25167727874594736,0.1160161581119959,0.22205590172167802,-0.011652257852580006,-0.04544414369686151,-0.024972182010244454
1396,Zakharov Function,0.009067561636320824,20000,20000,0.06383736563660235,0.009067561636320824,0.017187047583796432,0.03204582703426327,-0.06383736563660235,0.03457426281563794,-0.003778310709288476,-0.004360739458354738,-0.009404453419306265,-0.025593684618925895,0.037273231862986894,-0.007923769854892425
1397,Zakharov Function,0.7840711669009155,20000,20000,0.42615153684901136,0.7840711669009155,-0.036370906808256054,-0.32509633030136,-0.2271325830481719,-0.17883824085110267,0.01730207561375825,0.42615153684901136,0.20926797663696897,-0.08141488224740592,-0.16623804331464553,0.11332941108014705
1398,Zakharov Function,9.928382965586722e-05,20000,20000,0.005631974806086373,9.928382965586722e-05,-0.004837608841921132,-0.004533350152839638,0.001783905213827972,0.0015077544698644562,0.0007457237937878675,0.002015437865374496,0.002577889111462869,0.0003227510605114635,-0.005631974806086373,0.002008064233364792
1399,Zakharov Function,0.113118657689728,20000,20000,0.22259563599628468,0.113118657689728,-0.22259563599628468,-0.06267452984573488,0.07722193330530885,-0.07344144463826717,0.08255129040794938,-0.035740187291790446,0.1251398712307224,-0.008042217692557016,-0.04617522825043441,0.011056207320338546
1400,Zakharov Function,1.1031008064292194,25000,25000,0.6244557237942898,1.1031008064292194,0.3351907281060218,0.10714182371554504,0.5131183029941823,-0.3005839077242931,0.06281627272387666,0.032971109723223924,-0.6244557237942898,0.04505784734055293,0.09712655138765858,0.08916814920425631
1401,Zakharov Function,0.009482929386272845,25000,25000,0.05787466664468184,0.009482929386272845,0.045145354869569665,0.018307031594867226,0.05787466664468184,0.028273612175215155,-0.0310697415875502,0.008349597054491092,0.004973599846425744,-0.004495432645329298,0.015582653706081348,-0.03691390289195691
1402,Zakharov Function,0.003515152617055586,25000,25000,0.029462541523127272,0.003515152617055586,-0.0017565297231744957,0.011558970271527854,-0.02559933706278672,0.014909726827867915,-0.0065546040691164265,0.01473042213840832,0.004562111251417521,-0.029462541523127272,0.027437426132570032,-0.005530469464792059
1403,Zakharov Function,0.013660702693394242,25000,25000,0.07011421236361559,0.013660702693394242,-0.027380869490798994,-0.014761780887793428,-0.016712344902594184,0.059844690725585514,-0.030117583174985578,0.012186123326005306,0.00014758702952676062,0.028628650467038025,0.04368567021930889,-0.07011421236361559
1404,Zakharov Function,2.495934415025892,25000,25000,0.8184597284122077,2.495934415025892,0.4777021700176438,-0.47159954983212726,-0.03288126369931582,-0.07226664293456386,-0.8184597284122077,0.19990216154068396,0.6542538828362712,-0.451715445830716,0.5831437330144762,-0.1437226192125335
1405,Zakharov Function,38.65491303612475,25000,25000,4.661361365529411,38.65491303612475,0.6735131785660633,0.005398176027895857,0.47022811050961294,-0.6386344784904427,-1.5905957433855056,3.342157319465595,-4.661361365529411,0.5058124396274883,0.9359573400772088,0.9257775938482697
1406,Zakharov Function,1.9593364536761937,25000,25000,1.0118764702925196,1.9593364536761937,-0.3203243895893093,-0.16966320033950255,-0.13702920835575205,0.5328262753762253,0.040081405278994675,0.2416702795052152,0.5663722183311638,-1.0118764702925196,0.06176643809893273,0.14562734457405535
1407,Zakharov Function,0.21239500126887761,25000,25000,0.2426004049877572,0.21239500126887761,-0.013137174115572914,0.028603594870763194,0.20086920877261172,-0.2053577184057041,-0.0758445540490088,-0.2426004049877572,-0.009701435508976623,0.23295636711145173,-0.022292700972590722,0.057093070710938484
1408,Zakharov Function,0.027243930035468756,25000,25000,0.12760084032416702,0.027243930035468756,0.02781696935794701,0.014177156449025147,-0.12760084032416702,-0.04434776954512939,0.046500722211330406,0.02412696751435759,-0.04872958263981591,0.05321046738157788,0.007523578443990317,-0.0019276972489884695
1409,Zakharov Function,5.255895011869151e-05,25000,25000,0.0033985522023385027,5.255895011869151e-05,-0.0010228405462885696,0.0017604890730068714,-0.0033985522023385027,-0.0005934185929368199,-0.0012520846037150932,0.003108242787626574,0.002427699060496802,-0.0018191407066726123,0.002679466958878779,-0.0029606539774966103
1410,Zakharov Function,0.3079350901444173,25000,25000,0.345951299703812,0.3079350901444173,0.08991609445645021,-0.08377909886212948,-0.345951299703812,0.2604694388682683,-0.05430863985898969,0.19190283309112272,-0.22864220476113867,-0.014019387655304458,0.05249824489431548,0.023752881792408496
1411,Zakharov Function,0.019490113815750984,25000,25000,0.07563398130640019,0.019490113815750984,-0.05535982576263947,-0.07563398130640019,-0.050207670130086784,0.015274664909766403,-0.023486061968087762,0.015750875316332794,-0.001973864162615189,-0.046021014153862144,0.010217294685904111,0.06579264950322848
1412,Zakharov Function,0.15887175864880498,25000,25000,0.19813640485830375,0.15887175864880498,0.06391245393959818,-0.010110328053389156,-0.15019371853760516,0.02442393775555403,-0.047343087221219396,0.1932946379643398,-0.19813640485830375,0.16314846122228252,-0.03290693758973261,0.007595837347710743
1413,Zakharov Function,0.05613159886663208,25000,25000,0.12005255806962986,0.05613159886663208,-0.028874333654831465,0.028519120667720003,-0.0197411322942994,0.12005255806962986,-0.06423424245952886,0.013808953531993939,-0.08410496951939156,0.10808860834328182,-0.1120756670027418,0.057592274574981964
1414,Zakharov Function,0.001585270187159002,25000,25000,0.023705013665026264,0.001585270187159002,-0.01373260233401078,-0.0006513007544199506,-0.014927343850779994,-0.023705013665026264,0.005276465135675564,0.01727326319768749,0.008720140141808396,0.0034124312501522328,0.0061090400745464485,-0.010437413232571961
1415,Zakharov Function,0.5387241367778421,25000,25000,0.4547825373839008,0.5387241367778421,-0.01666174774644552,-0.27152815846352163,-0.15314888778627694,-0.025825407590230123,0.2598710100382384,0.4547825373839008,-0.1848184464934038,-0.18769327036350464,0.043363494592284405,0.009025796707150993
1416,Zakharov Function,0.32385733710879494,25000,25000,0.3304238748590274,0.32385733710879494,-0.1479647541618725,-0.06130873597548574,-0.05485863001657374,0.0317214625363082,0.16306937195552834,0.2600134518679721,0.06442451497194628,-0.3304238748590274,0.023807025539743495,-0.0641016851939348
1417,Zakharov Function,0.03960266025318236,25000,25000,0.12107695566221327,0.03960266025318236,0.02217239790910771,0.0306583615327823,-0.06951555794455254,-0.030290106218502394,0.08497254448285002,-0.07747099963467344,-0.008728813433830099,0.12107695566221327,-0.06279821849194728,-0.0010617028132881446
1418,Zakharov Function,8.445701100655384,25000,25000,1.4671853100525882,8.445701100655384,-1.4671853100525882,0.5810846953354488,-0.1869273934126221,0.9753322237189548,0.7360429827226804,-1.3787098772107025,-0.8249762016687503,-0.7321270873836457,0.2033485228225063,1.1250501914191027
1419,Zakharov Function,0.0031962199917061683,25000,25000,0.028124951160980766,0.0031962199917061683,-0.028124951160980766,0.02701215276720997,-0.015137514279876418,0.008910292527723303,0.007530698897680033,-0.004192911329772297,0.010348882219035713,0.0193892694051072,0.0035291223684738135,-0.027696946638310523
1420,Zakharov Function,0.18127733936045806,25000,25000,0.2513223627973469,0.18127733936045806,-0.07261601646510837,-0.044520994912809427,0.2513223627973469,0.044273168985437074,0.08547412245813335,-0.21353925277064,-0.12256493672506034,-0.12910837569052042,0.10699348213667557,0.08664744544217731
1421,Zakharov Function,2.570992232912296,25000,25000,0.8130026822183221,2.570992232912296,-0.5853055466971817,0.6654485845240933,-0.8130026822183221,0.6030906216313755,0.038705726111869954,-0.0205457141196681,0.25669678536840085,-0.1009115527792025,0.49380253590793766,-0.5533878871601908
1422,Zakharov Function,0.3578398248851761,25000,25000,0.4145274595322973,0.3578398248851761,-0.034706492425994676,0.035443373181636706,-0.4145274595322973,-0.07574847968264245,0.06882807753140886,0.2666981005606425,0.17591813360213332,-0.25670849361651016,0.02313938675125904,0.030077210354941042
1423,Zakharov Function,0.0056232470883117855,25000,25000,0.04910874095573581,0.0056232470883117855,0.002865099130831633,0.011960307457119089,-0.04910874095573581,-0.010183385284872584,-0.03094193113670148,0.014541914098087758,0.033641519300613085,0.006124646458447694,0.015518966075912648,-0.018157919695954025
1424,Zakharov Function,0.006031213826084809,25000,25000,0.04048962121672825,0.006031213826084809,0.008159384764098415,0.0030788425647820476,0.04048962121672825,0.014523869189400239,-0.01461211081512857,-0.03791799306345455,-0.004358718129852775,0.02471400754282309,0.003985936351858146,-0.0011457127490895995
1425,Zakharov Function,0.2512169104335042,25000,25000,0.3301391384247075,0.2512169104335042,0.06137780557175958,0.05216156895801295,-0.16795036720455103,-0.07112035369419525,-0.10188338933810548,0.3301391384247075,0.11348568160885686,0.14599684832737841,-0.22831200670353002,-0.06950766946149524
1426,Zakharov Function,0.16370917675305513,25000,25000,0.23092472318205204,0.16370917675305513,-0.02654144309735075,-0.0061325856980124355,-0.011138302252778148,-0.03801934131912808,0.04671936847227079,-0.013655075250581572,0.11096529892126383,-0.027227458576609243,-0.23092472318205204,0.20341899937440278
1427,Zakharov Function,0.04131013302455079,25000,25000,0.1295695250738748,0.04131013302455079,-0.02344803849952075,-0.024054252354601832,-0.018992685964912312,-0.07631580116021096,0.0856818407874532,-0.05935997974558539,-0.02724381662020023,0.1295695250738748,-0.062488693149267,0.015441311799427676
1428,Zakharov Function,0.22889604943689404,25000,25000,0.2852799020341047,0.22889604943689404,-0.0789789352936608,-0.05657433778757902,-0.029153119880401496,0.26354849095175503,-0.01894866273339499,-0.2852799020341047,0.10798586374085346,-0.0417284592308427,0.0431472959808816,0.06495453962591728
1429,Zakharov Function,0.004528529555840021,25000,25000,0.042433602776984394,0.004528529555840021,-0.042433602776984394,-0.01818520445853766,-0.019305383396530512,-0.019852339439746968,0.003586657111558547,-0.006173546165921234,-0.010073914494781865,0.03134778546099813,0.006043750445826997,0.0042551835907516065
1430,Zakharov Function,0.1171971793725209,25000,25000,0.23009623631242707,0.1171971793725209,0.01312628995411104,0.057214901812769225,-0.05731857791725117,0.04571116478558185,-0.06817416724840211,0.23009623631242707,0.059856841023363916,0.06062990435707462,0.0037028268285165394,-0.20770722162341
1431,Zakharov Function,2.136546767058516e-05,25000,25000,0.002117368777090183,2.136546767058516e-05,0.001636576564995062,-0.001669740418410601,-0.002117368777090183,0.0004274657719742156,-0.00032427335783178783,0.0013422278339722375,0.001712610912822436,0.00016513456058366472,-0.0009730876617940672,-0.0008937414274527993
1432,Zakharov Function,0.0006330204982929053,25000,25000,0.015989582123972106,0.0006330204982929053,0.0001338800283098785,-0.007424696681715139,-0.00873499247255748,0.0060420846900279355,0.00595595824074862,-0.015989582123972106,0.0060150130756763225,-0.007626967014633498,0.006036865466578485,0.0036579404389553098
1433,Zakharov Function,0.003733107325966385,25000,25000,0.03562695873658767,0.003733107325966385,-0.015380723787388549,-0.013630385278118481,0.013971239199499292,-0.009951459047959832,-0.016102116349741586,-0.010407978654519017,0.03562695873658767,0.023282729980642035,-0.024178470502880668,-0.0063696091537754854
1434,Zakharov Function,0.21343530330327948,25000,25000,0.21087077190155828,0.21343530330327948,-0.21087077190155828,-0.08011581347538617,-0.07935018468690132,-0.003625845648336505,0.09333549243161987,0.12076411304014428,-0.016128426080589564,-0.07116992971596668,-0.05152040101821918,-0.009181443172441663
1435,Zakharov Function,0.009557772072599988,25000,25000,0.041754564447388495,0.009557772072599988,0.02151550026995888,0.008418496925764012,-0.029975673946221394,-0.006620357099842625,-0.014016646007752466,-0.02392196452784116,-0.007198701742244407,0.002718389441410847,-0.02620058466543113,0.041754564447388495
1436,Zakharov Function,0.09546504791455465,25000,25000,0.14954320036806668,0.09546504791455465,0.09173887165626515,-0.05078560335532507,-0.14954320036806668,0.027873062622452788,0.14244070359582284,-0.046785542691578336,-0.016160674820266254,0.13382120353706722,-0.033718211456565346,-0.09437180233452264
1437,Zakharov Function,1.2818128156316857,25000,25000,0.6564610214823905,1.2818128156316857,-0.10991659172722817,-0.1452762855056098,0.042617609727400335,-0.2407697367844175,-0.409049784158758,0.484090481138311,0.5234592947653476,0.2562196359311727,-0.6564610214823905,0.0775105625872572
1438,Zakharov Function,0.00018554112708047841,25000,25000,0.006853435575350961,0.00018554112708047841,0.0061939313116430375,0.0007788574745255703,0.0012779883408783298,-0.005728468259867227,-0.0007041471108549372,-0.006853435575350961,0.001126196538095531,0.0040050471572067115,-0.0036450732411126593,0.004043476690150574
1439,Zakharov Function,0.0004281865327076261,25000,25000,0.011139822758213314,0.0004281865327076261,0.0038708130957234126,0.002064596766672219,0.003662178590450313,-0.004732704645841763,0.0004236172593105091,-0.011139822758213314,0.00987788718212056,0.0003156137234494381,0.0029220412870925964,-0.0009493818644810293
1440,Zakharov Function,1.020828981074111,25000,25000,0.8139243274055525,1.020828981074111,-0.04558021589331381,-0.09203018366070168,0.05468489452475313,-0.08994781074107733,0.12100819235950673,0.33865972261429583,-0.8139243274055525,-0.17430366770883354,0.3456136800868802,0.1384982422936002
1441,Zakharov Function,0.14927226107662125,25000,25000,0.2765873889780558,0.14927226107662125,-0.10261948945588097,-0.00282888950757066,-0.01921987516656342,0.07825591338275473,0.12015561639018482,-0.2765873889780558,0.14842949968035987,0.09037335006641294,-0.07625107657979871,-0.0019050113412235285
1442,Zakharov Function,0.02485920385200752,25000,25000,0.07017633926076522,0.02485920385200752,0.013128577054657016,0.010005307944296353,-0.005758976629662443,-0.042130814438628934,0.003339658301493992,0.01751343092131953,-0.05903833955626342,0.01961205508386009,-0.020652698461793004,0.07017633926076522
1443,Zakharov Function,0.00045902656132272985,25000,25000,0.014262989315126933,0.00045902656132272985,0.0036591172636059564,-0.0035793882845034583,0.003179778460264692,0.007601544371585538,0.007961688190937856,-0.0019759609503968464,0.008278694278210576,0.004532135721157821,-0.001375397561097648,-0.014262989315126933
1444,Zakharov Function,15.25123081620158,25000,25000,2.2584956403946403,15.25123081620158,2.2584956403946403,-1.835767106323524,-1.0187789945727215,0.16162081907730086,0.9704338708932245,-1.2429949560238858,0.5351059315221786,1.0969053061858234,0.34195871413345835,-0.7569641851978055
1445,Zakharov Function,0.00180951796151318,25000,25000,0.02375610280265763,0.00180951796151318,0.0034152922500026404,0.01071527015017924,-0.013230361506423812,-0.00822595019721093,0.02135352347095169,-0.008242731559517925,0.004286657803720031,0.008527260128476398,0.012021375808939985,-0.02375610280265763
1446,Zakharov Function,0.1399326997526466,25000,25000,0.20434551199954393,0.1399326997526466,-0.031829909549486904,-0.12372847707661698,-0.11095917112544795,0.052767315012812094,0.048809693354161104,0.06852631641853778,0.06097126229148177,-0.062024817740378796,-0.20434551199954393,0.12831133376975706
1447,Zakharov Function,2.062346313524944e-05,25000,25000,0.0023562964494757747,2.062346313524944e-05,-0.00019911398894535475,-0.0007170054410459066,-0.0012959880544595632,0.0023562964494757747,0.0010968447229237489,-8.710714208575734e-05,-0.0020740960617384578,-0.00039358077234082187,0.0006663640826973613,0.0007754197190472157
1448,Zakharov Function,0.015053096879620888,25000,25000,0.0814199617585386,0.015053096879620888,0.0017476367447808458,0.00804025980899006,-0.028711382201194152,0.018340853609271915,0.0814199617585386,-0.07392598560825128,-0.029500091606747242,-0.003693842167960021,0.028311945061426536,0.002507624731210912
1449,Zakharov Function,0.08917172757502231,25000,25000,0.17788861694765573,0.08917172757502231,0.019726930243084397,0.05516544722632333,-0.1399321131151385,-0.04476413918051751,0.1123712424571677,0.06435356903361274,-0.07016437514412334,0.17788861694765573,-0.0636724603695968,-0.08121975953058638
1450,Zakharov Function,0.0021355092624427913,25000,25000,0.031037898725514625,0.0021355092624427913,-0.031037898725514625,0.003396809430244698,0.0007366608018633779,-0.028932851064115833,0.012458426900417034,-0.0010644738950402882,-0.0012627748286973203,0.002115392026098867,0.012174946543650235,-0.0034359682413448115
1451,Zakharov Function,0.1168104430076532,25000,25000,0.15472789554951402,0.1168104430076532,-0.025437408561791223,0.005793866914546763,0.14652554612883345,0.094074603360801,0.09758855125996975,0.09512430899570512,0.0499322058275999,-0.09328499024735389,-0.029434717572129378,-0.15472789554951402
1452,Zakharov Function,0.10842069529292166,25000,25000,0.147846912471563,0.10842069529292166,-0.11110556300137542,0.06067331244663213,0.10058443655331792,-0.147846912471563,-0.11756062675815601,-0.10815618859871173,0.028385262022983054,-0.09267749312272128,0.11412882585108608,0.0899470205062391
1453,Zakharov Function,2.4651083168447405,25000,25000,0.8950721218388378,2.4651083168447405,0.3740482835092216,0.46015523739285724,0.0024453224477334334,0.41110344213291933,-0.8950721218388378,-0.37802455937383417,-0.028546486379326608,0.45872235619573376,-0.4280207326717265,0.5208477182749045
1454,Zakharov Function,0.7098041384778067,25000,25000,0.5018038153086168,0.7098041384778067,-0.16615351252721602,-0.3946625803387664,0.11490123693572965,-0.020993429293828796,0.16038871952209038,0.35431596874080373,0.1394459270151647,-0.5018038153086168,0.0612858415035948,0.07997826152610304
1455,Zakharov Function,0.008364157125719045,25000,25000,0.06672867273248777,0.008364157125719045,-0.017221614760370426,-0.008465149082981209,-0.024868906281348677,-0.0029650406842810675,0.014971739648897342,-0.06672867273248777,0.04546916538734315,0.015389054500869172,0.013268454141895585,-0.012835200832136372
1456,Zakharov Function,0.25993148906668845,25000,25000,0.330450868570092,0.25993148906668845,0.10364335544820547,-0.13733745491694238,0.05824972198171763,0.024630218053668385,0.07047903645276454,0.16650829857449806,-0.330450868570092,-0.08187680944586387,0.01364152152252655,0.18066984065222444
1457,Zakharov Function,0.00044219659920090933,25000,25000,0.014299348595190206,0.00044219659920090933,0.001090368806244391,0.0005166132991166047,-0.0017045298608122312,-0.009353714005793046,0.014299348595190206,0.0017980508737300257,0.002144329067089019,-0.003988453467036583,-0.00896072992578206,0.006032936545396054
1458,Zakharov Function,0.9123348298603455,25000,25000,0.655105697571013,0.9123348298603455,-0.11898122962536722,-0.3103573040911219,0.10800985484116782,-0.655105697571013,0.07053174934949194,0.07549264495517943,0.3349121455574063,0.15762896729714046,-0.35231010876596713,0.21935344457713354
1459,Zakharov Function,2.6628978826256096,25000,25000,1.1906857999993319,2.6628978826256096,-0.20734819891594408,0.11782781569228482,-0.4497351024953641,0.4938402819213418,-0.36062318206154975,-0.07918512967235944,1.1906857999993319,-0.10919371525781335,-0.7438993936198431,0.1179669732079191
1460,Zakharov Function,0.9981439920871571,25000,25000,0.7079623908177924,0.9981439920871571,-0.03109627722361912,-0.020675758280959564,-0.44191037079234835,0.20786576588624484,0.7079623908177924,-0.27947267299549383,0.22098188457442766,-0.026982484601103,0.028141874385183674,-0.23577541253661835
1461,Zakharov Function,0.0049761121567388185,25000,25000,0.035076243502328006,0.0049761121567388185,-0.0300969828567675,-0.022932423776152913,-0.004777599966114772,-0.01349418313158687,-0.006750384716937254,-0.009814509278438776,0.031527471955473646,0.035076243502328006,0.005395599418021658,-0.03039647629342704
1462,Zakharov Function,0.2348576294432061,25000,25000,0.2988024812040643,0.2348576294432061,0.24075490909581615,-0.09134837603244465,0.06898569408857504,0.0039141373908685995,0.2988024812040643,-0.05587329070675601,-0.2565437130350697,0.05626017940561895,-0.020061093052936463,0.016927560045705982
1463,Zakharov Function,0.013147467382680996,25000,25000,0.0641867991726684,0.013147467382680996,0.03659102909336045,-0.05541585764915474,-0.03427475052153396,0.012521718106558822,-0.0641867991726684,0.0156938659359684,0.032759960358963267,0.0393931759018438,0.0015203710360795417,-0.019009972722171746
1464,Zakharov Function,1.3194250518486184,25000,25000,0.9613667720429744,1.3194250518486184,-0.03435223324837883,-0.12178786788229488,0.22606647952446185,-0.12263070890292502,0.39644554217779915,-0.9613667720429744,0.14619833857397035,0.17853199658648625,-0.05161164760991854,0.1336724225591826
1465,Zakharov Function,8.22227824554817e-05,25000,25000,0.004825333655169441,8.22227824554817e-05,0.0036934942359564595,-7.094442113602729e-05,-0.0010096037767883918,0.0006583819337863681,-0.004825333655169441,0.0010884766503961828,0.004108087061843822,0.0037223678533987656,-0.0017590069278848619,-0.002927744705522833
1466,Zakharov Function,48.49230394465029,25000,25000,6.085669054905463,48.49230394465029,0.22052113318911704,-0.5546529708522832,-0.5638426358255131,2.21112133318575,0.915347131788429,-6.085669054905463,1.3454496713278485,1.7640561648280682,0.10687274810570163,0.05237057968204009
1467,Zakharov Function,0.02234280468200764,25000,25000,0.08918970809396605,0.02234280468200764,0.06206528792506248,0.01857944331957804,-0.03902093984790515,-0.04217812352361083,0.04864601906427747,0.018406422489964675,-0.021000273848996942,-0.08918970809396605,0.029386748400391488,0.04777614119491863
1468,Zakharov Function,4.78604702959936e-05,25000,25000,0.00460603890511208,4.78604702959936e-05,-0.000454083020665313,0.0014563587702829583,-0.0010200369825927556,-0.000958155616326491,0.002493420424995504,0.0005661822070059965,-0.0005729981462798638,-0.00460603890511208,-0.00028724046312542714,0.0026160542981068387
1469,Zakharov Function,0.001331423445110486,25000,25000,0.027427517878288954,0.001331423445110486,-0.0010122575628341915,-0.010809502338475968,-0.009729059475607524,-0.004557770064099373,-0.006042602049463446,-0.013633336582170523,0.027427517878288954,-0.00896967476837603,0.006545210257602921,0.00021907983356155014
1470,Zakharov Function,2.890252403904514e-06,25000,25000,0.0009678950027829368,2.890252403904514e-06,7.743964825533971e-06,-0.0001663521661821966,0.0002796090329639564,-2.017201520895177e-06,-0.00016668549691266831,0.000532213873696476,0.0002484659891739058,-0.000567532514928222,0.0009625998760930659,-0.0009678950027829368
1471,Zakharov Function,0.002249249607138002,25000,25000,0.0247697712882803,0.002249249607138002,0.0028948913733884175,0.00566828903851063,-0.0247697712882803,0.0185726403159767,-0.0059509491256344695,0.008526066327806529,0.014767741611241062,-0.0005878567246931884,-0.0026692128220239114,-0.005059018544534253
1472,Zakharov Function,0.90411569504674,25000,25000,0.5421461277441066,0.90411569504674,0.15401914059847796,-0.4861491030771794,-0.06429074456251087,0.5421461277441066,-0.1926324284090689,-0.38626850450357497,0.10372264076975765,-0.2447089101633912,0.2391651476798599,0.08975077463412573
1473,Zakharov Function,0.0001405667797769904,25000,25000,0.007066023780652972,0.0001405667797769904,-0.00046337644861861853,-0.0013000869533451396,0.0036746973032862704,-0.004335846284517717,-0.0019849816095814233,0.0017671626929220007,0.0005366089967085937,-0.007066023780652972,0.006518040070621116,-0.0002300884411741643
1474,Zakharov Function,0.2803572022147698,25000,25000,0.32069848210811863,0.2803572022147698,0.19256324831248475,-0.08731121464684746,0.2701890893193672,0.14698491497750996,0.033554441523742845,-0.32069848210811863,-0.05384579539152179,-0.06669341621021728,0.11739346618394547,0.04297329596730573
1475,Zakharov Function,0.014272943789956787,25000,25000,0.07532403686616225,0.014272943789956787,0.07532403686616225,-0.04586677716918596,-0.021663860488166833,0.006427066092157516,0.02432912898166535,0.06277076821281019,-0.03049790614343867,-0.0025022726599833456,-0.018583942238027853,-0.006456221022552583
1476,Zakharov Function,3.0366527091952853,25000,25000,1.1368328630492543,3.0366527091952853,0.28516335173411833,0.03949321696265856,0.7945165081022834,-1.1368328630492543,0.5777102669096859,0.7025843100635107,-0.27056313953163297,-0.25781657911727696,-0.12370076429088137,-0.06439331090768413
1477,Zakharov Function,0.3796531697048752,25000,25000,0.3037677477147016,0.3796531697048752,0.2628879504104502,-0.18235150723268478,-0.14357007275535413,0.008455860797241477,0.3037677477147016,0.2059163136176709,-0.04800679662332359,-0.11545109048202823,0.12118388966788404,-0.15865079369483143
1478,Zakharov Function,0.014135059917215417,25000,25000,0.08032972633289645,0.014135059917215417,0.0313743894941578,-0.08032972633289645,0.018928497224789377,0.011340545392003208,0.019005178123769593,0.03627087227488687,0.04050504396214047,-0.022700723031376102,0.007581046235026333,-0.04734585205347769
1479,Zakharov Function,8.330672759544951,25000,25000,2.228113091371747,8.330672759544951,0.4420843601383317,0.12720402584037138,0.6653857331403517,1.1126608659175077,-2.228113091371747,-0.9808138140348954,0.5291182533781633,0.36394667422389915,0.16458158621030872,0.21136025230506242
1480,Zakharov Function,0.0008278957203927213,25000,25000,0.01685330335139076,0.0008278957203927213,0.0038878383027904414,0.004760070812925302,-0.002515953854838957,0.01685330335139076,-0.006274132518334136,0.006571933555534398,-0.008602050910033215,-0.0054338633258827615,-0.0029540108434716016,0.0014130978625570764
1481,Zakharov Function,0.7166605163466178,25000,25000,0.6115653640173941,0.7166605163466178,-0.03897639782836251,0.14723307346369463,0.6115653640173941,-0.14029283791749583,-0.39220494822155805,0.05722103359602662,-0.0016792380787632455,0.12039043071243982,-0.25104753485010883,0.09338867998507072
1482,Zakharov Function,84.59968235693212,25000,25000,7.271678099426005,84.59968235693212,-2.895278859104167,-0.9475270727170704,0.8019843802227561,-0.3194743464441264,-0.21865161631145646,2.033605159976069,7.271678099426005,-2.8379600814502535,-2.3947545695421364,-1.200150269688962
1483,Zakharov Function,0.04888762708412641,25000,25000,0.1298154665261806,0.04888762708412641,-0.1298154665261806,-0.04663962250779076,0.046309433606954234,-0.012208860323458609,0.07308731059350415,-0.07842132457333045,-0.0016152041887192436,0.10006008414881756,-0.040428892318339606,-0.03052392496979238
1484,Zakharov Function,0.07677102555865556,25000,25000,0.1298661333680271,0.07677102555865556,-0.04688485719368625,0.060875914048747565,-0.05312441148061478,-0.012602572128870823,-0.09218177387340007,0.04747311856939912,-0.10883248104052246,0.1298661333680271,0.02120543928848488,-0.047382503981783806
1485,Zakharov Function,0.0005307791077679753,25000,25000,0.012638522513702101,0.0005307791077679753,0.009189827212529983,-0.012638522513702101,0.009017554449979924,0.00969246757636652,0.0005050527960144442,0.0018314320427977992,0.005961382514650178,-0.004739346953339382,-0.007034292899297894,-0.0002966142143168973
1486,Zakharov Function,3.493898713204988,25000,25000,1.0559395004272853,3.493898713204988,0.26262773095141534,0.4973823626828783,-0.6641165631000432,-0.3290147730755038,1.0559395004272853,0.7604665394355665,0.23197792556077926,-0.21796987641219545,-0.6831796005222835,-0.04569813612549037
1487,Zakharov Function,1.0490093331751338,25000,25000,0.6197391140250677,1.0490093331751338,0.09652164184791018,-0.2810593084119519,-0.07310933815912328,0.6197391140250677,-0.35400710050439643,0.06237379085198554,0.3430014558679908,-0.5486639237984074,0.09679385200713458,0.08773741648498003
1488,Zakharov Function,8.134605414912796,25000,25000,2.1691400258305324,8.134605414912796,-0.5683269186811333,-0.7868903605560722,0.2803380190340137,-0.7063362161533138,2.1691400258305324,0.5567723526896101,-0.9312083511802779,-0.607311425368031,0.304535668330991,-0.048527489694526305
1489,Zakharov Function,0.013038799399378341,25000,25000,0.04758012757765423,0.013038799399378341,-0.033054217622148996,0.0318828550146487,-0.0016652862205321917,0.033051531976266174,0.016571976459727068,-0.046116969622863685,-0.028586868535195983,-0.047396677991491415,0.04758012757765423,0.026223759269619167
1490,Zakharov Function,4.241221694383678e-07,25000,25000,0.0004179573534281969,4.241221694383678e-07,-0.0002136980485076699,-0.0004179573534281969,-0.00016674886973659786,0.0002816455871158711,-0.00010248138334048538,0.00016167162665820407,-0.00020512568343302386,6.753329075766544e-05,1.6827608239629676e-05,5.045784261805597e-05
1491,Zakharov Function,0.11091289943441962,25000,25000,0.1942649252213723,0.11091289943441962,-0.1942649252213723,-0.09382917414172393,-0.135784431681721,-0.14069943517771163,-0.02858057869414228,0.008281991744965828,0.06517978547898931,-0.026748466118999746,-0.024918896176732014,0.13552331567854856
1492,Zakharov Function,0.7422428891946999,25000,25000,0.6356061454528668,0.7422428891946999,0.17549052912868462,0.19081170295310235,0.3045970005647952,0.12200625959810238,-0.14617226852090753,-0.020218424045016614,0.6356061454528668,-0.0912655016657619,-0.22765233176382865,-0.25065746990703
1493,Zakharov Function,0.33092500477316383,25000,25000,0.2837041283912536,0.33092500477316383,-0.2837041283912536,-0.20647101375044738,0.1404250943694152,-0.17007541716924993,-0.011270441069148845,0.24744458015098508,-0.07360986613658083,-0.10386209670706863,0.16876375928125167,-0.01972025870445962
1494,Zakharov Function,0.010408301686119663,25000,25000,0.053822538938368344,0.010408301686119663,-0.006559274779957047,0.053822538938368344,-0.01819232704224876,-0.044338551496674025,-0.013831080117343516,0.04295267985995299,0.019161941343868463,-0.038830907139602244,-0.009884217262264062,0.02533775099357441
1495,Zakharov Function,11.580162612011259,25000,25000,2.7678482597665948,11.580162612011259,0.500126905682964,0.04249504495953915,-0.1327442335256761,0.9330444661621762,2.7678482597665948,-0.35023306066952786,-1.494176809221696,0.09744431192517028,-0.5868511140306962,-0.11587360075964556
1496,Zakharov Function,0.0567805259270589,25000,25000,0.1769561558044786,0.0567805259270589,-0.021157632497208895,-0.1769561558044786,0.0021179258056906233,0.06254026545707142,0.023281581097034154,-0.054646548898818925,0.025242904017609313,-0.05930683680462491,0.10758639364189847,-0.03804270382674067
1497,Zakharov Function,1.0275168210717127,25000,25000,0.6100687020219304,1.0275168210717127,0.2489633128521066,-0.10789475836564985,-0.1283722636673562,0.323057521207855,-0.022725275256890054,0.298839277751656,0.16646994483576782,0.38413002907196325,-0.6100687020219304,-0.05541192061232463
1498,Zakharov Function,0.04868115678353825,25000,25000,0.10973059475386543,0.04868115678353825,0.0643150762641992,0.05362105925360275,-0.09849729217401484,0.07316124917825334,0.04310510272275705,-0.09490324799210023,-0.056385704601096875,0.10973059475386543,-0.009205057402517619,-0.02084999193953289
1499,Zakharov Function,0.5337961027580178,25000,25000,0.3753832713031289,0.5337961027580178,-0.024621742367186755,-0.3408827749142473,-0.37343115231162644,-0.3753832713031289,0.09228304181875888,-0.14065498383133285,0.06548614902947453,0.31809029821546864,0.04340802422911258,0.03001661982631909
1500,Zakharov Function,0.0047793847103739405,30000,30000,0.04107012240323342,0.0047793847103739405,0.013109750880384685,0.023397670933102237,-0.04107012240323342,-0.01665498225033886,-0.012096204294381328,-0.014502881594350928,-0.02222964232323084,0.003876336782872962,0.020180694088755596,0.024890671743897565
1501,Zakharov Function,0.00013870648697457617,30000,30000,0.005002995307202713,0.00013870648697457617,0.003308164313469031,0.0035319134553116957,-0.0019830144095835823,0.002882128495921194,0.004239259742352831,-0.001110641624982671,0.005002995307202713,-0.004476221251486319,0.0021412370307739375,-0.004053787462123116
1502,Zakharov Function,0.37573574644497865,30000,30000,0.32559653130305893,0.37573574644497865,0.13807203181756686,-0.32559653130305893,0.1462787238838136,-0.2376686034276495,0.22139315472503368,-0.06999482565490366,-0.11796782153332507,0.09157604546133769,0.21671507713239269,-0.1143710579873341
1503,Zakharov Function,0.029611017517567995,30000,30000,0.0965543495310051,0.029611017517567995,-0.03211507498345344,0.004395644482505956,0.02861689546648681,0.051224419593185924,-0.058050574802235896,-0.012064980357238651,-0.045744465526158504,0.04666543043055536,-0.0965543495310051,0.088631046459137
1504,Zakharov Function,0.01185974119779943,30000,30000,0.05559595437876823,0.01185974119779943,0.007272241586256015,-0.03784124418609071,-0.015811827561143764,-0.0029821918420647048,0.024613534065987014,-0.04907863578205646,-0.003435816914323195,0.05559595437876823,-0.051389124875225595,0.03582344311341133
1505,Zakharov Function,0.476300836902541,30000,30000,0.39603310384561363,0.476300836902541,0.039726402934198324,-0.20231188784134815,-0.39603310384561363,0.020585691124841377,-0.07821237877494144,0.3601297356444898,0.17610629690134358,0.16676566425075343,-0.20736924963701542,-0.06321629815192817
1506,Zakharov Function,17.492320072141535,30000,30000,2.4522932309520136,17.492320072141535,0.7137432450856425,-0.2021919628811057,1.71630108873163,-1.0573061845100975,1.2533347209540864,-1.8261512655425103,2.4522932309520136,-0.6535596111295311,0.3199602583215756,-1.1768871072737028
1507,Zakharov Function,0.009112757786393465,30000,30000,0.05234983504013907,0.009112757786393465,-0.02389691912312951,-0.021668834611387147,-0.05234983504013907,-0.0031733878535984486,0.0024178027469634773,-0.029604761804885898,-0.03514311133738321,0.0317436970223038,-0.00830080768275267,0.04574856143829431
1508,Zakharov Function,0.026008453568909216,30000,30000,0.056859235144402234,0.026008453568909216,0.024159484722111005,0.047470413987429946,-0.020537395232139086,0.012617671297665601,0.04060754321381863,0.00588149309743391,0.01689395118557968,0.04149488001991419,0.002274784153418811,-0.056859235144402234
1509,Zakharov Function,0.2366940545393919,30000,30000,0.2421162957870484,0.2366940545393919,-0.02469754829690282,-0.21140026445158328,0.08210163172243201,-0.11637432819505311,-0.06780528348249468,0.04321958231868411,0.05080795098163898,0.2421162957870484,0.054497536709371214,-0.14971705180583614
1510,Zakharov Function,0.020739702288811657,30000,30000,0.06854600081795989,0.020739702288811657,0.019970435758900368,0.02516546692982924,0.014172988657168248,-0.030819957756974235,0.018605820130622862,-0.06497699239063438,0.06854600081795989,0.005134293000434435,0.04386793328558283,-0.04648629566099262
1511,Zakharov Function,5.112561459004666,30000,30000,1.899265346227515,5.112561459004666,-0.23060097955359482,-0.21863815787084162,0.659310004383916,0.23200830979599218,0.22925187809582448,0.8558106244783423,-1.899265346227515,0.06803484873055445,0.3160992293978382,0.11611165541862967
1512,Zakharov Function,0.019456341725260166,30000,30000,0.07073681882748899,0.019456341725260166,-0.017378902070209777,-0.007520501827278713,0.016731553256303218,-0.07073681882748899,-0.024419185404274707,0.045955998139959243,0.03195624049091812,0.008073235377439633,0.053923676288025066,-0.053137057423612924
1513,Zakharov Function,5.836626307271368,30000,30000,1.9893523091664669,5.836626307271368,0.33083976258342407,-0.6343565720436741,0.25711641504719557,0.5308580806200941,0.2470814375563013,-1.9893523091664669,0.4494848129238648,-0.21929983846813705,0.1565802023538071,0.4776519600124618
1514,Zakharov Function,16.6968079374852,30000,30000,2.518609150456094,16.6968079374852,-0.22656563200066504,-1.1629401767957979,-0.3359273995273391,-1.0363729076096364,2.011993434285775,-0.6870578242141261,2.518609150456094,0.37446893503955003,-1.6410797801128953,-0.3086265267764099
1515,Zakharov Function,0.28857331687281584,30000,30000,0.24765964459154366,0.28857331687281584,-0.1096658620137033,0.1193760583998508,-0.019767742550060627,-0.16504443187173837,-0.1463246195663121,0.08530091011403879,-0.14793080788591417,-0.16130332751361554,0.13353333399160883,0.24765964459154366
1516,Zakharov Function,6.490276118619645e-05,30000,30000,0.004013058024096043,6.490276118619645e-05,0.001501698450192897,-0.0017117427812637313,-0.0025963826572129177,0.002865093969955544,-0.002733342490621935,0.0025222185924330554,-0.004013058024096043,0.0013880563132779862,0.0024652931604504007,-0.0012954423688512641
1517,Zakharov Function,1.7536134264750693,30000,30000,0.7780621009151807,1.7536134264750693,-0.3295495789741378,-0.22117307121021051,-0.7203184128956643,-0.1856521548457526,0.7780621009151807,0.24618617808761994,0.3056423351483919,-0.40999146571580647,-0.25074909644659227,0.19448904624025565
1518,Zakharov Function,0.05927989730773331,30000,30000,0.11509483065202414,0.05927989730773331,-0.0438459288903014,0.06485914285668787,0.03259359532903063,-0.09833788370184215,-0.055048476921272016,-0.04285711662475513,-0.04788718929944107,0.10164658746738545,0.11509483065202414,-0.0591583490869492
1519,Zakharov Function,6.132012454425946e-05,30000,30000,0.004688370126547536,6.132012454425946e-05,0.0007652907769623851,-0.004688370126547536,-0.0007243472820145096,-0.001910139403993318,-0.0013135562210562163,0.002993631154668469,0.003390438151109622,0.0011411225890885263,0.0001228420207930567,-0.0029873555234384373
1520,Zakharov Function,0.028652679365241726,30000,30000,0.10534198053562722,0.028652679365241726,0.03824472525773373,-0.0086118699100437,-0.10534198053562722,-0.03063657613050473,0.07347151480224973,0.026999309239850406,-0.007620031169093478,0.06457794012432272,0.0009342420769109774,-0.04865063346365281
1521,Zakharov Function,0.2934668440848188,30000,30000,0.29928316004373173,0.2934668440848188,-0.09768354716945632,0.19611346320564182,-0.05579698066153094,-0.04501370591542525,-0.18669526270516779,-0.29928316004373173,0.2576651158579546,0.03207905566336949,-0.04359326379219963,0.14328862918029855
1522,Zakharov Function,6.304545464121465,30000,30000,1.3012969399889642,6.304545464121465,0.005852944364393348,-0.10141256594676529,1.3012969399889642,1.2241391180375076,0.6012760001219364,-1.204357035285964,-0.13873285290229603,0.18100312440959712,-0.48949731197285895,-0.20034867380566762
1523,Zakharov Function,0.0013712578664390243,30000,30000,0.020370558046861064,0.0013712578664390243,0.014321876821434676,-0.006990695736512112,0.007557823006444236,-0.020370558046861064,-0.01222143131968474,0.01403969681270486,0.0028811959947551867,-0.010751460015077256,0.008627543339917294,0.00035074545136636243
1524,Zakharov Function,0.002330920161760822,30000,30000,0.024163458665247453,0.002330920161760822,-0.001549385455121623,0.024163458665247453,0.021961452108518083,-0.016179613126752184,-0.010317201862425702,-0.013161363887527252,-0.005009245974286319,0.0020045006277793964,0.0028995524473147353,0.0023489647342668247
1525,Zakharov Function,0.00983016403096284,30000,30000,0.07127391096244466,0.00983016403096284,0.07127391096244466,0.005225491252172186,0.010803954329479809,-0.018680697255118617,0.02830815246397994,-0.00138216163501435,-0.00869007984310647,0.029931021321203857,0.010481490141205162,-0.04706879412831004
1526,Zakharov Function,3.932198950748549e-05,30000,30000,0.003238732201356526,3.932198950748549e-05,-0.0005010182697366076,-0.0021780526873207825,-0.0005325041466255067,0.002072088264321991,0.0008991598962652587,-0.002132985181002422,0.003238732201356526,0.000812975687194447,-0.0018989761374492028,5.912826862740925e-05
1527,Zakharov Function,0.05359162696653155,30000,30000,0.11961349596283383,0.05359162696653155,0.03543716800116833,0.05413190451501676,0.03205893753798397,0.003033946546316949,0.01459709783716643,-0.05011732070868437,-0.08592671303907495,0.11961349596283383,0.08596721482720322,-0.09893599933001995
1528,Zakharov Function,0.00010886712710640849,30000,30000,0.007641922175351753,0.00010886712710640849,-0.003128544297293516,-0.0020693040524594397,0.0022987282297860156,0.0017797441815233404,0.0033177862265989268,-7.464397182323224e-05,0.0031312533884802337,0.00043667558608079336,-0.007641922175351753,0.002303201895912337
1529,Zakharov Function,0.02175585755931633,30000,30000,0.08679230258992596,0.02175585755931633,-0.010734530466538411,-0.08679230258992596,0.041270014826635455,-0.03357497120984512,0.08561738968792448,0.005946148726173869,-0.05743555216241502,0.005513292687083504,0.019413380964711804,-0.010519963352101695
1530,Zakharov Function,0.00868183418977256,30000,30000,0.05843138651757063,0.00868183418977256,-0.03601112008957714,-0.02267558241186317,0.05843138651757063,0.016877425705409947,-0.012607095652059835,-0.023429358495669385,0.025745723712006716,-0.03900724519330499,0.015794686900118697,0.0021801958156782023
1531,Zakharov Function,0.24093488582319864,30000,30000,0.32787321136166736,0.24093488582319864,0.03312853006927226,-0.022713408116514254,-0.32787321136166736,0.21828982829048793,0.1615042667237752,0.19735922313276943,-0.0332672832451114,-0.08509106392699506,-0.10068339841763008,-0.009642345760405693
1532,Zakharov Function,0.1611379525406405,30000,30000,0.2501389924165248,0.1611379525406405,-0.023588189685576872,0.2501389924165248,-0.011225490096962554,-0.16605385898462782,-0.025713206135894923,-0.05879856717363208,0.018175692423895523,-0.16140891346904362,0.15601681937011203,0.06707940387978081
1533,Zakharov Function,0.001151246166132505,30000,30000,0.02222987875573281,0.001151246166132505,-0.006005563795929637,-0.013875442093085718,-0.010199342064736931,0.011606004659504385,0.004847035653081987,0.009389571877579049,0.003546994117220208,-0.02222987875573281,0.00745353954877756,0.002666467305932122
1534,Zakharov Function,83.19934643938727,30000,30000,6.270740129461677,83.19934643938727,-0.9537561195070254,1.0301928088575734,-3.7610318352061682,-6.270740129461677,1.5129686253294352,3.7461345812549105,-2.001589462492845,2.489293764402892,0.027101043312024106,-0.2591353795404785
1535,Zakharov Function,0.4315581987175502,30000,30000,0.3968582535434554,0.4315581987175502,0.026732770954827872,0.24049418304429798,-0.05963457354086221,-0.14517084942133998,-0.051822362351833184,-0.3968582535434554,0.3452563497475688,-0.09900159695874958,0.10280367200969981,-0.008865724774418896
1536,Zakharov Function,1.8306949170709905,30000,30000,0.6330981865579508,1.8306949170709905,0.3771470754393281,-0.5355093849894048,0.6330981865579508,-0.18023628614659612,0.07588435775278629,-0.26715080872100516,-0.5660359295413991,0.1546403956167104,0.40512809706913483,0.08958289806245745
1537,Zakharov Function,0.0001203775500586595,30000,30000,0.008184908328777765,0.0001203775500586595,-0.0008479234323836185,-0.0036918370681009614,0.0024784931610161904,-0.008184908328777765,0.00404931588291246,-0.0001724000885847736,-0.0014084150144522932,-0.00016182414113382476,0.00040230958557503616,0.002712416996030665
1538,Zakharov Function,0.06813603464853053,30000,30000,0.14571124983561357,0.06813603464853053,0.0029556730304517997,-0.0019284561893342655,0.04536072199052875,-0.07391806855147323,-0.14571124983561357,-0.11334391108149855,0.07695290830741046,0.11391312375883333,0.010053682920837873,-0.014187966878028827
1539,Zakharov Function,0.0806151586813711,30000,30000,0.19035820376853757,0.0806151586813711,-0.0887032859979213,0.19035820376853757,0.01867196096875271,-0.007077625102009781,0.06335254193446377,0.08382125105933827,-0.08392941975833412,-0.018491853091272832,-0.11539623624797711,0.056649718464820864
1540,Zakharov Function,0.022809003732581656,30000,30000,0.08406732734012254,0.022809003732581656,0.055297082948452494,0.004731606481965078,-0.026449695523790284,0.0596878515910909,-0.028942652853692935,-0.0022290956482888535,-0.033727936228502786,0.061580530611499124,-0.08406732734012254,0.03613301844234226
1541,Zakharov Function,0.1728578554269669,30000,30000,0.3462130126095627,0.1728578554269669,0.014428951070426785,-0.3462130126095627,0.030062851239581023,-0.06893615699892248,0.016035390562147197,0.03772633928586787,0.10981072363419125,-0.14302601269735737,0.08083718074311383,0.004577832876701757
1542,Zakharov Function,0.0008921874436250463,30000,30000,0.016655963037386968,0.0008921874436250463,0.008832409365931075,-0.005014480602922327,0.010110235667405905,-0.001536695447521344,-0.0014112617693112254,-0.0017236191053500104,-0.0059765663077682996,0.016289886740099555,0.009032834786629878,-0.016655963037386968
1543,Zakharov Function,0.23201397299016216,30000,30000,0.30643185758206004,0.23201397299016216,-0.08309693990922691,0.05288840481684948,-0.14234006887117254,-0.30643185758206004,0.00880305869188313,0.08868999156510986,0.006153590498754802,-0.16207023214620142,0.043177773188455365,0.22178094305591428
1544,Zakharov Function,0.004108255268793675,30000,30000,0.042591543508271414,0.004108255268793675,0.005017919352482459,0.0018439842662383334,-0.010983451501320856,-0.00465352969661899,-0.010985400613507064,0.042591543508271414,-0.009311770840514044,0.017127892176932103,-0.011819105634298827,-0.004684321681042508
1545,Zakharov Function,0.32430098756006903,30000,30000,0.3695858095894268,0.32430098756006903,0.03360167621868343,-0.1777945324712082,0.13401246876495732,0.2638892994376361,-0.3695858095894268,-0.08914126777677661,-0.06442525787779516,-0.08869910996545385,0.026511055890866206,0.216068062688976
1546,Zakharov Function,0.011488309801908398,30000,30000,0.05730842489484832,0.011488309801908398,0.03180453565298769,-0.0042669332945237445,0.04104473021130796,0.024742498661666175,0.054924569877803975,-0.008965521732069895,-0.0014320836904631734,-0.05730842489484832,-0.0263750530296753,0.02756062926045348
1547,Zakharov Function,0.46631848810163096,30000,30000,0.49789141974640694,0.46631848810163096,0.49789141974640694,0.2395893575214768,-0.20664306614656308,-0.14790410405925325,0.06525325036840612,-0.07256517385516136,0.04867884913692183,0.005576692809425375,0.1669836248198475,-0.11347684620683637
1548,Zakharov Function,0.20565682849510608,30000,30000,0.23928517431184843,0.20565682849510608,0.06920244334121334,-0.23928517431184843,-0.17375382506330422,0.08650098146442337,-0.2285335577063164,0.055467723257054874,-0.15086420681846807,0.11622205624669482,0.06188615359874988,0.10052649453491022
1549,Zakharov Function,0.00722565505620058,30000,30000,0.05496818088526534,0.00722565505620058,0.0053554831193160565,0.008817309530146545,-0.009560850844551029,0.007877194020383033,-0.02507413335000793,-0.05482272887638838,0.01528813661323623,0.05496818088526534,-0.006358855128760537,-0.005905528906300198
1550,Zakharov Function,0.00040684941372080716,30000,30000,0.011899404603858132,0.00040684941372080716,0.011899404603858132,0.002538852693957346,-0.003911743209969733,-0.006197613137678389,0.008101902873057593,-0.0004333661875236894,-0.0009370088511524727,0.006498510169327538,0.0024646768544069253,-0.00912170982907537
1551,Zakharov Function,0.0006772980814464921,30000,30000,0.010701704428589497,0.0006772980814464921,-0.0037781415989360137,-0.005822604069543954,0.010523696496756578,-0.0072591535085570385,0.0051991268406849575,-0.010701704428589497,0.010116298937541984,-0.005188175256161625,-0.009190205775204035,0.010503933590741832
1552,Zakharov Function,0.29341128901505326,30000,30000,0.360193335867277,0.29341128901505326,0.003663943802569,0.14078254232514445,-0.15923838788287345,0.1483505393720276,-0.360193335867277,0.025462362706161368,-0.12167674790924543,0.13348553054986617,0.1072368168484949,0.0499578037903142
1553,Zakharov Function,0.1268376777020719,30000,30000,0.15529785789472159,0.1268376777020719,-0.15529785789472159,-0.02197744317360728,-0.13184825098761682,0.14042599418223123,0.10878342396297361,-0.15454337850556638,0.11430011705653735,0.060033281579349645,-0.015937158706020804,-0.05239751390775063
1554,Zakharov Function,0.027871891557660775,30000,30000,0.11012159480224454,0.027871891557660775,-0.03045959665626157,0.039311546702832594,-0.024136618664354764,-0.11012159480224454,0.013365716461384392,-0.004837448036449407,0.06798620917704257,-0.00539677823933786,0.011424758280154351,0.006578370861365777
1555,Zakharov Function,0.5859480911894396,30000,30000,0.37878672116770506,0.5859480911894396,-0.10547246212111927,0.02901653705428159,0.37878672116770506,-0.2704645687018873,-0.19875884736876615,0.1990256299796616,0.033322995134495784,0.1360117791059819,0.00401295118308817,-0.23938490441345756
1556,Zakharov Function,0.17992685188338436,30000,30000,0.24199021460909736,0.17992685188338436,-0.052118867693702886,-0.15630661684001496,-0.047669894938894786,0.06021791968414525,0.12718987167670803,0.17299766591318813,0.047971908662290313,-0.08510751317569759,-0.24199021460909736,0.07953733253540796
1557,Zakharov Function,1.5921983654259622,30000,30000,0.6498081724942699,1.5921983654259622,-0.3384800896602905,-0.16947992783435178,-0.12534665055722624,0.2640904787732783,-0.12244469201945476,-0.6498081724942699,0.12428036196996345,0.6375758682116972,-0.5659613471283763,0.30524599763439264
1558,Zakharov Function,0.008090225544507468,30000,30000,0.06760268758333164,0.008090225544507468,-0.0035539121494875805,0.006840406197862447,0.06760268758333164,-0.02631151690450363,0.008085687460178206,0.010692370248088032,0.012232347937118547,-0.024107590754564014,-0.03689063036649164,0.022071189649964483
1559,Zakharov Function,0.016047775326298464,30000,30000,0.09109551365873234,0.016047775326298464,0.025365476442498282,0.014976632198958305,0.03248155906223976,-0.025514205749536542,-0.0060863071679134045,-0.05225645338469531,-0.046843416695794574,0.09109551365873234,-0.011160248269373195,-0.002533006207048452
1560,Zakharov Function,0.00011476945653724983,30000,30000,0.005681201067266321,0.00011476945653724983,-0.0006246464977357497,0.0014067262606528175,-0.0013971401571361871,0.00031130056726327935,-0.0034006793851421692,0.0022678908359022782,0.005681201067266321,0.005221995257695055,-0.0028051691624969596,-0.005070958829640006
1561,Zakharov Function,0.705048666503643,30000,30000,0.5111540887146421,0.705048666503643,0.19271942928060315,-0.32743893688156833,0.1349849767567523,-0.07451112532952908,-0.13397207739588374,-0.3012136629009098,-0.5111540887146421,0.22873182251039648,0.24471497568731992,0.23247300261014564
1562,Zakharov Function,0.02596806402292316,30000,30000,0.08312250740731439,0.02596806402292316,-0.0003424534833067275,-0.012709968376440305,0.059179710072942454,-0.05241896078228103,0.008246759583557254,0.08312250740731439,-0.0606089789528443,-0.04181830286536092,0.03915128469079483,-0.021872217888830647
1563,Zakharov Function,2.6454218845684703,30000,30000,1.2722873136575152,2.6454218845684703,0.3540812895650005,-0.5005567380938454,-0.03943881822677197,-0.10697878950915582,-1.2722873136575152,0.5114409341531854,0.45860869732828735,0.16013554210706402,-0.2088650886924972,0.22868561617089794
1564,Zakharov Function,11.376649133038878,30000,30000,2.6788708742589917,11.376649133038878,-0.7363072246783053,-0.10874430164346283,2.6788708742589917,-1.142325978420057,0.12676903781045956,-0.4786242277223473,-0.4124816459485886,-0.4444529641526579,0.9032833613036095,-0.044248153140157065
1565,Zakharov Function,0.4424406055050231,30000,30000,0.4309776199811157,0.4424406055050231,0.012871205529524993,0.3424254627581538,-0.06588653612880618,-0.4309776199811157,-0.04859986186802164,-0.12861408508969016,0.011772801100681324,0.2851356746403427,0.08345073344966884,-0.11198746285689838
1566,Zakharov Function,0.03105823459832626,30000,30000,0.0994534368661329,0.03105823459832626,0.009310260843489867,0.010741935577545297,-0.022939848703730732,0.005941732054346878,-0.0994534368661329,0.060737405212051565,0.021500329087846576,-0.03988441564120755,-0.013632601838169216,0.020280893653408925
1567,Zakharov Function,0.04952114466076436,30000,30000,0.14942235617795838,0.04952114466076436,-0.008087051035230487,0.14942235617795838,-0.04388451390059421,0.06664735558657615,-0.08754346547012848,0.024350239310048243,-0.0424775258429931,0.03411082854755315,0.02820370581002868,-0.051857396615955384
1568,Zakharov Function,0.3864625773691899,30000,30000,0.3142448705192773,0.3864625773691899,0.3142448705192773,-0.055051353927087134,0.06274962676646717,-0.026954055410299965,0.08076790363563027,-0.04970803642621621,0.2767871751012606,-0.30438566620371393,-0.09477978265186607,0.037994817782608686
1569,Zakharov Function,0.027517933057031915,30000,30000,0.08508890830512131,0.027517933057031915,-0.030194466738838265,0.0008820863643519729,0.028480406577594486,-0.06963032050416045,0.036209716043468725,-0.08508890830512131,0.0456241535521371,-0.05520727354396045,0.034315394795327726,0.048625704876912174
1570,Zakharov Function,2.4395428770167804,30000,30000,1.0256498869436041,2.4395428770167804,-0.17594765638410556,-0.41798737895156357,-0.17854729580875478,-0.3730750308113751,-0.04067220401234389,0.20789055965503195,-1.0256498869436041,0.338673696278213,0.8142242243792082,-0.16157301995962037
1571,Zakharov Function,0.07447992767308541,30000,30000,0.21674721369754876,0.07447992767308541,0.010922074651262846,0.04969195337901745,-0.070622743729753,0.03318625434496533,0.21674721369754876,-0.1199163448415081,0.014061170228264051,-0.02440185523804104,-0.04395993867011503,0.017233191514843135
1572,Zakharov Function,30.23864703695149,30000,30000,2.722589131414769,30.23864703695149,1.2632662639840726,-0.0795548271543457,-2.0506646909634747,1.8586181893607479,-2.260871101586781,2.722589131414769,-1.8035053325978598,-1.6208088563520713,0.770322781427904,1.2394085760564526
1573,Zakharov Function,0.1848190115992763,30000,30000,0.1918883102548755,0.1848190115992763,0.0026777716842893706,0.18809995052607648,0.04069919578543757,0.069643626240948,0.13422866502866915,0.15233554638542293,-0.1918883102548755,-0.1724835174417627,0.014758688086972782,-0.014096715432054305
1574,Zakharov Function,0.4108778100826881,30000,30000,0.2836357073760184,0.4108778100826881,0.10524742519833304,0.09371163963639183,-0.2836357073760184,0.2774203747915635,0.049994107553083145,0.1964285701100769,0.04266531104413274,-0.06384092552549289,-0.0890129410632772,-0.16946588816713404
1575,Zakharov Function,59.226789583957604,30000,30000,5.330802294642974,59.226789583957604,1.8724212938673528,1.2679348918416515,1.5040226456365642,-5.330802294642974,2.6072823510785774,-2.5121148514180343,-0.42331326874229736,2.2621734117253802,1.6299404939656101,-1.539922098277919
1576,Zakharov Function,0.008292823560493384,30000,30000,0.05599026933025539,0.008292823560493384,0.0011269459768903783,-0.006989984893772041,-0.02125224197155945,-0.00440423261896504,-0.03193184679410939,0.002238318402572652,-0.011387932610620127,0.008211937684731427,0.05599026933025539,-0.013595049523435857
1577,Zakharov Function,0.6022133693228704,30000,30000,0.3913196646590115,0.6022133693228704,-0.0749097669447644,-0.14131440060389405,0.16955016300859466,-0.12810030125277672,-0.20636627986026387,0.3024867944767234,0.3913196646590115,-0.3813838210711334,-0.24086085316726688,0.19622198194674204
1578,Zakharov Function,0.05686417261089967,30000,30000,0.164364859875822,0.05686417261089967,0.019769510800539212,-0.03865750547885674,0.0551980591612211,-0.012642842475963412,0.03382971184517422,0.11003230035096051,-0.164364859875822,0.0720256762665451,-0.04317674705747202,-0.0056569458368518274
1579,Zakharov Function,0.03184540962828315,30000,30000,0.08706420028832143,0.03184540962828315,0.08211682204712242,-0.08706420028832143,-0.0789379373994026,0.0321164209819204,-0.04584887763923798,-0.04062437623905968,0.03498982123988884,0.00453638153537371,0.06680018270541788,-0.023923291359609435
1580,Zakharov Function,1.7673792812244737,30000,30000,0.6688863145539579,1.7673792812244737,-0.09556142474325792,0.6688863145539579,-0.3334742847713093,0.12427407151724613,0.10134391356941334,-0.3003849455269252,0.6165917816444592,-0.4340386457094235,0.40188909036684484,-0.29705728010109367
1581,Zakharov Function,1.860394367223748,30000,30000,0.7948430494724668,1.860394367223748,-0.3793903108085338,0.18438223492660907,-0.2642003590636568,0.6756340387033284,-0.05833245564699924,0.45299500311771856,0.19541573765953302,-0.19201700184001685,0.3482549555320159,-0.7948430494724668
1582,Zakharov Function,3.453416786105245e-05,30000,30000,0.0028699710271280167,3.453416786105245e-05,0.0002372854478211013,0.0019315089990430282,-0.0025251205897009396,0.0001462230561602478,-0.0016215745390238687,0.0028699710271280167,-0.0016088805657511072,3.685124523160213e-05,-0.0003410480023258402,0.0013774731543497007
1583,Zakharov Function,0.3780226395222936,30000,30000,0.4730168702510109,0.3780226395222936,-0.009663775660407804,6.243477348073226e-05,-0.06335565844582962,0.10200385729147307,0.05832449328768964,-0.4730168702510109,0.049409636047622246,0.23135079207541948,0.20145644163943982,-0.13878245512306528
1584,Zakharov Function,0.0013084975039808452,30000,30000,0.01868301365709852,0.0013084975039808452,0.010225981934310157,0.007559215050589573,0.0066117013478363615,-0.01868301365709852,-0.011851536138662577,0.008255398503208966,-0.011902568522576987,0.0037815209637838423,-0.008942510685936066,0.015692613426258783
1585,Zakharov Function,0.0013427311603815923,30000,30000,0.016264095992947536,0.0013427311603815923,-0.016264095992947536,-0.00888417132547013,-0.0028906218689186084,-0.013000128812381724,0.013795843211812597,0.006637067208084161,-0.008800354093524728,0.010468742694209011,0.01114123703327529,-0.015059789162171287
1586,Zakharov Function,7.512636681374635,30000,30000,1.3919584915833991,7.512636681374635,1.3919584915833991,-1.1383739716184518,0.26634910388866834,0.8629866580542207,0.8767342586001623,-1.1502518607176886,0.4697353078580755,0.09824457223883698,0.510167013533583,-0.8993070137647274
1587,Zakharov Function,0.35439797726980377,30000,30000,0.36260790718075586,0.35439797726980377,0.025385310151399942,0.23819661513632823,-0.08606697038199272,0.20492227685914932,-0.2198771413959104,-0.36260790718075586,0.05949641471173986,0.06736090498806485,0.15741456533134696,0.020514424994799225
1588,Zakharov Function,0.005660149111244468,30000,30000,0.038099143538763314,0.005660149111244468,0.02696251256088985,-0.02680807803680342,0.0291610458584481,0.008807421577373086,-0.026732179214402765,-0.009468089503693333,-0.038099143538763314,0.0032107124109216657,0.011202534575495053,0.026307831960933663
1589,Zakharov Function,1.5000418305516638,30000,30000,0.8086400652699046,1.5000418305516638,0.8086400652699046,-0.19102485747913844,-0.25161191988467246,-0.3891159843997149,0.45921107340347467,-0.11472818505101744,0.035153111469011455,0.10047681580042422,-0.4574933948979387,0.3619515822882039
1590,Zakharov Function,9.642714110261274e-05,30000,30000,0.005661735392617495,9.642714110261274e-05,-0.0029676363620135624,0.0038503705237843138,-0.001886469835392592,-0.00013831869394148263,0.003958334601497895,-0.0036140150727958552,-0.005661735392617495,0.002165887075793436,0.0010672462533802515,0.0014778621334169554
1591,Zakharov Function,0.2717549256311675,30000,30000,0.3408642644034986,0.2717549256311675,-0.11690650916436263,0.07975093728154797,-0.3408642644034986,0.10723747174117143,0.035906099120978474,0.11762610857710161,0.24246775205936744,-0.1921324561976706,0.012355449846350609,-0.0773303050669566
1592,Zakharov Function,0.06008238707554896,30000,30000,0.1722905955676048,0.06008238707554896,0.06573459674660878,0.008371016951380136,-0.09436531084477673,-0.06758132228875494,0.0025047449828279056,0.008053593585965801,0.00026608659770721577,0.1722905955676048,-0.10142373957388479,-0.01458335691439723
1593,Zakharov Function,8.873629658524814,30000,30000,1.477888704189308,8.873629658524814,0.826461475923957,1.2350783978382713,-1.477888704189308,0.1719391103523842,0.21026240051942782,-0.12631499347901093,1.4169163916345173,0.3805286465810785,-1.2612343574449805,-0.01175767717102838
1594,Zakharov Function,0.2296336430674779,30000,30000,0.2778981374327413,0.2296336430674779,0.2778981374327413,-0.16891546986115463,0.1690866183700422,0.11686857837703002,-0.019050488147583117,0.1643983422256836,-0.0020489854075443625,0.004889879425812153,-0.16368158756300377,-0.06580830381656112
1595,Zakharov Function,0.0005170723544678051,30000,30000,0.014641804632488039,0.0005170723544678051,0.00372324888808924,-0.014641804632488039,0.005845279784862752,-0.0018149211147164162,-0.0003415785603824875,-0.00020781809901172744,0.008559994420144691,0.002637983366503575,-0.011082822923054753,0.0047142853729517775
1596,Zakharov Function,7.505564487937392,30000,30000,1.4762715903854817,7.505564487937392,0.08848058478747514,0.23942891979693418,0.6828285028861338,-0.34850582987560286,-0.821128095812433,-0.4350643952128892,1.261566296542805,1.4762715903854817,-1.4023490711649313,-0.16571671415716113
1597,Zakharov Function,2.219145271137385,30000,30000,1.1076272165607806,2.219145271137385,-1.1076272165607806,-0.12271349814745847,-0.15391057714649492,-0.39989009473613646,0.14129553050283916,0.5713190357535582,-0.5880439822032217,0.30466364221311526,0.048496996789247133,0.06213506318533796
1598,Zakharov Function,2.305431106532394,30000,30000,1.0113785647581064,2.305431106532394,0.16647483618013906,0.41716408708730035,0.3080501460141777,-0.670242183614038,0.4720346653345886,-1.0113785647581064,0.1731599379060824,0.5017854187422995,0.032222548638935034,-0.07359697127232101
1599,Zakharov Function,1.790399137210994,30000,30000,0.9673158379319144,1.790399137210994,0.038318263049621534,0.4748172199148126,-0.3796216356971559,-0.5572767165923668,0.9673158379319144,-0.09411003911546129,-0.21194046524483723,-0.037295046182880265,0.1301208779788775,-0.17900557919216215
1600,Zakharov Function,0.00032304559514101855,37500,37500,0.01064926436314364,0.00032304559514101855,0.0015185618408504534,-0.0037761167552184285,-0.002724208477666615,0.01064926436314364,-0.0022084365517857853,-0.0011407258922529469,-0.004280672761113413,-0.0031846970625076616,-0.002307537385012687,0.008319458224576508
1601,Zakharov Function,1.483101722832189e-07,37500,37500,0.00022889766383119025,1.483101722832189e-07,-3.3789735893373376e-06,1.6359877342946142e-06,-9.046655023251535e-06,-3.911761099508368e-05,-1.4833351279151666e-05,0.00022889766383119025,-7.124084303009688e-05,8.747671446038123e-05,-0.0001379564014811643,4.1719719651720795e-05
1602,Zakharov Function,0.15054609409236072,37500,37500,0.21103044995551695,0.15054609409236072,-0.050645234982010734,0.05438166352055826,0.11517701770175168,0.21103044995551695,-0.06812554562253573,0.00660510804803896,-0.03200194602560755,-0.044145084910017854,-0.13398938638121013,0.12554586337255055
1603,Zakharov Function,0.003981162834113411,37500,37500,0.042316912857289855,0.003981162834113411,0.02458347155129645,0.01354764281228538,0.0042309457601637,-0.01960732677437409,0.021432412848950495,-0.010432023044095696,-0.042316912857289855,0.00122069133719558,0.01886668442841306,0.00863589215450318
1604,Zakharov Function,3.468105237590664e-05,37500,37500,0.0027047811623884368,3.468105237590664e-05,-0.002039886521242794,-0.0006009322578526565,0.0010639538003501695,0.0027047811623884368,-0.0012224208144192591,-0.0013495302094257335,-0.0024400828901336435,0.0015216718509019353,-0.0019213807361839264,0.0023993911299383846
1605,Zakharov Function,1.443989133814269e-05,37500,37500,0.0021445919953200776,1.443989133814269e-05,-0.001688137278639248,0.00017579365625242072,0.0013952104438095,-0.0006639824715271068,0.0007991093649058318,0.0013294283360804162,0.00015599893234132013,-0.0021445919953200776,-0.0008202791139530933,0.0011819571125542304
1606,Zakharov Function,0.056279625011470574,37500,37500,0.1525997716527599,0.056279625011470574,0.042785502368284864,-0.07874883380746993,0.015477810235220366,0.03104899597974124,-0.05332378789599162,0.1525997716527599,-0.07029963905207531,-0.04945551018237912,-0.047664819818341905,0.07595470399074727
1607,Zakharov Function,0.0008687173875130512,37500,37500,0.014612212600746917,0.0008687173875130512,-0.009638749575550741,-0.008264756723139807,-0.006929707444291892,0.002930087321695328,-0.014612212600746917,0.0024110423673691928,0.0010831492693427099,-0.00672061231185277,0.001965289782985366,0.008740563930364108
1608,Zakharov Function,0.000731240591231125,37500,37500,0.010726035118233862,0.000731240591231125,-0.006849011601976068,-0.008875242290711967,-0.0044548323904107096,-0.00706138897899471,-1.534677996749799e-05,-0.000276577340772341,0.002015545629091727,-0.010726035118233862,-0.00010835353246163668,0.010570143409388128
1609,Zakharov Function,0.2821713942624571,37500,37500,0.40998250279088017,0.2821713942624571,-0.06363892560905463,0.05411237150090088,-0.07064268120976358,0.26007860776268654,0.011475239850487984,-0.40998250279088017,-0.04562146452261588,0.1745638771062452,0.02063865074233316,0.03075656204287512
1610,Zakharov Function,0.06933786768666785,37500,37500,0.1497237458764113,0.06933786768666785,0.1497237458764113,0.0013459652602972744,-0.07859565905696597,-0.14313093091324075,0.06923002491482731,-0.030445358205104828,0.04915310527281398,0.04112350423864891,0.02994038781309835,-0.026287409287268533
1611,Zakharov Function,0.0010369741920290571,37500,37500,0.015407418211626195,0.0010369741920290571,0.013822207775326625,-0.015081416186323512,-0.005477283160159625,0.0034555954610274754,0.0071883303922513474,-0.0032049785127252206,-0.015407418211626195,0.006188205026815568,0.0027725569786959166,0.006328182836314353
1612,Zakharov Function,0.002585649022913218,37500,37500,0.027002314555526298,0.002585649022913218,0.01829387755104575,-0.02033487384844747,0.015780193136110753,0.021522804011127113,-0.027002314555526298,0.0018242149334832666,0.004663278636210819,-0.012010232109315115,0.013930362986175875,-0.0053155277563775374
1613,Zakharov Function,0.040197323870970865,37500,37500,0.10073311215973475,0.040197323870970865,0.03276757339749395,-0.06525608127997291,0.08400282527314715,-0.07226871611102126,-0.06202190481387049,-0.014351506946550213,-0.05699059118805315,-0.038637059335077266,0.10073311215973475,0.022020163180988324
1614,Zakharov Function,2.940991174303226e-06,37500,37500,0.0009762767719998139,2.940991174303226e-06,0.0009762767719998139,-0.0005333165753071383,-0.0007399483168071632,9.454788850783504e-06,-0.0003479788114957479,-0.0005604414166428347,0.0008383319128750517,9.270203841730044e-05,-1.759445154616253e-05,9.4154253493905e-05
1615,Zakharov Function,0.8957133821008607,37500,37500,0.7169182577473893,0.8957133821008607,-0.1185311160263226,0.08423166626281497,0.15993861335450404,-0.1977681825128969,0.3446845535208551,0.022131426590362935,-0.7169182577473893,0.2857298858180423,-0.14877835407040674,0.2156217240594688
1616,Zakharov Function,37.60391139780557,37500,37500,3.2575059180122192,37.60391139780557,-1.4793878473027982,1.4760828640539754,1.4194160002986291,1.8756161927036672,-3.2575059180122192,-3.2456212091267487,0.12649349039517688,0.113946161277132,2.198005769863372,-0.09408679814609178
1617,Zakharov Function,0.14607008243088454,37500,37500,0.1917835872974727,0.14607008243088454,0.04423097756848314,0.08147539564446314,-0.17969181496226688,-0.12113976635787951,-0.028418759855352613,0.11021483315946476,0.03173274565686462,-0.1917835872974727,0.07102588456695227,0.06241441874900551
1618,Zakharov Function,0.0526245010019445,37500,37500,0.1080570250998941,0.0526245010019445,0.06885078232603067,0.07529100614217016,0.06847085196678798,-0.03929533831173471,-0.1080570250998941,0.006231680012038231,0.10034088119210885,-0.029785539122064095,0.07299518247243252,-0.08107623756920375
1619,Zakharov Function,2.0008428642513607e-08,37500,37500,8.404750631183818e-05,2.0008428642513607e-08,-9.257798703018524e-06,8.404750631183818e-05,1.9765449042486684e-06,1.0508980376159223e-05,-3.908694575455454e-05,-4.475568789251274e-05,-1.8876518871369102e-05,-3.39806925309455e-06,-3.696089253565539e-05,6.30806092360608e-05
1620,Zakharov Function,0.5918410775999039,37500,37500,0.4707477911728619,0.5918410775999039,-0.26551806052493165,-0.25107842428826965,-0.16578423083912858,-0.12940403973416392,-0.02145676423221754,0.14424118347153567,-0.4707477911728619,0.3827766172657454,0.05768554706140189,0.04637400153621339
1621,Zakharov Function,0.4072962664564761,37500,37500,0.46218387092227164,0.4072962664564761,-0.13513245095102516,-0.021549491440493035,0.1324919137706623,0.1575072946272085,0.1408401593966489,0.46218387092227164,-0.29074235905644735,-0.06871306928481036,-0.031330947411904786,-0.14920602566691782
1622,Zakharov Function,8.848659627124625e-05,37500,37500,0.006988544043080273,8.848659627124625e-05,0.0004252120287178687,0.0005006600966926229,0.0005582516070029089,0.005118919587153074,0.0014939442118275122,-0.006988544043080273,-0.00020055229228389555,0.0016949034699671184,0.0019859660690609198,-0.001898795913411158
1623,Zakharov Function,3.827073629763278,37500,37500,1.0786225977635098,3.827073629763278,0.80693462307233,-1.0786225977635098,0.7900944649553043,-0.49181588172131635,0.7231327478998184,0.580516906687643,-0.06699078918993746,-0.06969588054283093,-0.49788617657386736,-0.09281897455988272
1624,Zakharov Function,0.11456601728203163,37500,37500,0.1554065999062587,0.11456601728203163,0.014891831497643462,-0.08190983795159903,-0.08754161568358887,-0.1438268342823145,-0.088821246308299,-0.02542139427158191,0.038432320140573434,0.01804275665538496,-0.08497586379161647,0.1554065999062587
1625,Zakharov Function,0.5842208368598809,37500,37500,0.5210533990994074,0.5842208368598809,-0.031965589942754155,0.23017443194072243,0.009780282797381024,0.16212831978406583,-0.2941908886844623,-0.5210533990994074,0.35100718615584336,0.0016977828274777756,0.09769884058380654,-0.008517795803570802
1626,Zakharov Function,0.00728372875303511,37500,37500,0.0571833517384202,0.00728372875303511,0.004210906057909653,-0.043132422999378965,-0.013841130426924421,0.0571833517384202,-0.028431528034082353,0.011659600900330778,0.013185870022144254,0.01389603379537322,-0.024585328903027927,-0.0024606236933409267
1627,Zakharov Function,0.021256343943878563,37500,37500,0.08545754930573465,0.021256343943878563,0.0044073375245158725,0.04058748342289888,-0.051652641023554643,-0.0319700982881151,0.0025513809971812046,0.07597131558898895,-0.08545754930573465,-0.03066170691981258,0.029394653345816472,0.027576332647918853
1628,Zakharov Function,0.0010588608937709678,37500,37500,0.024098952889370154,0.0010588608937709678,-0.009757989854196361,-0.007499337896846406,-0.008190015774666572,-0.003119660225756494,-0.024098952889370154,0.003461282685662809,-0.004245683129949168,0.011861157982777863,0.008716653639479006,0.0016685199528168057
1629,Zakharov Function,0.002489228312274244,37500,37500,0.04410033941503538,0.002489228312274244,-0.004857285988192125,4.458013242469904e-05,-0.009757353316115146,-0.003999309644291252,-0.0030759885310934518,0.04410033941503538,-0.016803283739904383,0.0037259283902525203,-0.009914005575151034,-0.0019434950590392023
1630,Zakharov Function,3.7984574592897116,37500,37500,1.2589249750083933,3.7984574592897116,-0.14081570500800833,0.28330336948941215,0.8056715750463865,-0.013523433219227665,-0.27033491333567394,-0.9026081178523291,1.2589249750083933,-0.6044233599583453,-0.13896304456979616,0.19851722566487212
1631,Zakharov Function,0.0010083698717012317,37500,37500,0.01656661115322898,0.0010083698717012317,0.006363001742174766,0.010152456649885632,-0.011652331877794027,-0.009770192720065296,0.010626296403564592,0.0011012554135626223,0.01656661115322898,0.0013524869428706197,-0.0057378313070764525,-0.010706922939821529
1632,Zakharov Function,2.9768649805020595,37500,37500,1.0571997605395296,2.9768649805020595,0.522384862063611,0.5349794362102193,0.2626038857836069,0.20003628406946805,-0.4049227781678667,-0.06148253934746851,0.7190503487035425,-1.0571997605395296,-0.3844622212369879,0.5813915958386152
1633,Zakharov Function,1.9975407120758066,37500,37500,0.6663702153011148,1.9975407120758066,-0.6663702153011148,-0.4049544616780883,0.5915045363222788,0.364277515636,-0.2710528675350628,0.07048194451304246,0.23726439299898486,-0.0042659689967065595,-0.2258711097484829,0.09697829842795813
1634,Zakharov Function,0.043225579626396796,37500,37500,0.1160313218120178,0.043225579626396796,0.07983808629482439,0.05434542253757299,0.012710353118174186,0.002122498255427485,-0.07951454766328955,-0.03937259501456591,-0.08933658422093893,0.0014081669828837212,-0.02958965949389049,0.1160313218120178
1635,Zakharov Function,0.011987944723411643,37500,37500,0.05978167501069892,0.011987944723411643,-0.05978167501069892,-0.04158084739798015,-0.03944887547911165,0.005750955959383172,0.024613477109058778,-0.014485414693977731,-0.03985324040402128,0.03643323455818545,-0.0004031567407110678,0.012369960996740743
1636,Zakharov Function,0.34819848205417614,37500,37500,0.3839718138562357,0.34819848205417614,-0.01673316253698727,-0.03829910452064045,0.0025000228496512063,0.09423260264824536,-0.3839718138562357,0.32252474079207794,0.16816681887938462,-0.23140820327363737,-0.015383992147993849,0.056461111208451334
1637,Zakharov Function,0.8632978897568078,37500,37500,0.6719217349517479,0.8632978897568078,-0.12477439286746037,-0.09690072701086705,0.16211459604506706,-0.3159607762321678,0.030927667191356395,0.6719217349517479,-0.12439860485712405,-0.2406216537510806,-0.059253416898821465,-0.055010703634805036
1638,Zakharov Function,1.6451176849058857,37500,37500,0.6706368143298351,1.6451176849058857,-0.11959214044263156,0.10158307671853581,-0.636478383852902,-0.13272071851254044,0.39542396227644205,0.4478685696217385,-0.10649087580916927,0.03127917519426339,0.4586146496571222,-0.6706368143298351
1639,Zakharov Function,0.0001676645405275576,37500,37500,0.007467067052102332,0.0001676645405275576,0.004451673316751671,0.002499648438610636,0.0032685136297144245,-0.000583012349132256,0.003897217823306952,-0.007467067052102332,-0.0008124368502573122,0.005873282326479955,-0.0037357515484573124,0.0007046084078562932
1640,Zakharov Function,0.0008977006975810868,37500,37500,0.017567621144984297,0.0008977006975810868,0.017567621144984297,-0.01599091480065895,-0.0008431016135874879,0.0008927231228324124,0.0003554791701583012,-0.0011551242979999975,0.0029571920614863897,-0.009794959432242827,-0.00653780805845891,0.012440271815903793
1641,Zakharov Function,0.0023527980358171805,37500,37500,0.02129581384294931,0.0023527980358171805,-0.005376901665425996,0.0034242934794731558,0.010509990018375659,-0.011068400371878558,0.02129581384294931,-0.014818063121954918,-0.007608165748048597,0.009649521994433297,0.0026198172499184193,-0.012022368659593096
1642,Zakharov Function,0.0026069255341809408,37500,37500,0.021656612823467168,0.0026069255341809408,-0.0033059030413823765,7.665545678660693e-05,0.012307235855593998,-0.004083264728874221,0.008512364437703953,-0.021656612823467168,0.008685424280912488,-0.0028871276156406844,0.0027167762719694805,-0.007552116964382379
1643,Zakharov Function,0.03229221546378897,37500,37500,0.0899137970611252,0.03229221546378897,-0.0899137970611252,0.06984639449324742,0.024145354772097824,0.07021033507914369,-0.06292368773550315,-0.01956180842953734,0.0014997727062105188,0.005626323257922783,0.0574540469476988,-0.041046659018220404
1644,Zakharov Function,2.0459056786137118,37500,37500,0.6824663586971699,2.0459056786137118,-0.22192574605538162,0.418579205261669,-0.6824663586971699,0.35791146502369725,0.6242415736579149,-0.6191874452767125,0.599446661685253,-0.289356190251088,-0.03124146619220519,-0.09134224680043916
1645,Zakharov Function,5.7218660796539726e-05,37500,37500,0.00454770774834021,5.7218660796539726e-05,0.0022697718865618884,0.004112121750446459,-0.0011993336323147335,0.0013764642642261496,0.0012974108384175209,-0.0015472566574233966,-0.00033388103544428147,0.0018139705826757386,-0.00454770774834021,0.0017686039300450727
1646,Zakharov Function,0.01181731794474726,37500,37500,0.05998844775696311,0.01181731794474726,0.03033526998107159,-0.003532347387392061,-0.012176021362292854,-0.03587253738680356,0.022054640624748417,0.0341410992924087,-0.05998844775696311,0.0018067899361869488,0.053536362468651975,-0.028115466660314076
1647,Zakharov Function,0.0017991444776348886,37500,37500,0.021176204384493955,0.0017991444776348886,0.0030709741712455973,0.021176204384493955,0.014603413942988447,0.015542221762625784,-0.017846089908569784,-0.0018081188248395413,0.003118704179068142,-0.012144216832709769,0.005868177468455321,0.0009759154655360376
1648,Zakharov Function,0.003206845905526348,37500,37500,0.041421295993594676,0.003206845905526348,-0.01630450173316214,-0.041421295993594676,-0.01350085259292344,0.01689770996473237,-0.0078054460432261455,0.011293302262796042,-0.013757591724800552,0.010433310426009243,0.014196218633709833,-0.006006561659508344
1649,Zakharov Function,0.00037628150598353286,37500,37500,0.00947618624458977,0.00037628150598353286,0.0045569168163420975,0.004082199819056984,-0.00947618624458977,0.0003594707035508172,0.003949086613523906,0.0061812106664307885,-0.005325034005001474,-0.0012036375966342928,-0.008928387207835665,0.008943530143299603
1650,Zakharov Function,6.586090606801083,37500,37500,1.9789731257290124,6.586090606801083,-0.026532410147447602,0.2729015009718834,-1.9789731257290124,0.5983319248966658,0.6727302324219198,0.8536342332568265,0.5197521795407468,-0.2880268806739992,-0.7627349988389676,-0.058130929936450165
1651,Zakharov Function,0.0002322425246000542,37500,37500,0.008060295569393208,0.0002322425246000542,-0.008060295569393208,-0.0036543049050289204,0.004059883876499909,0.004518304156949967,-0.0016497071369991866,0.005824261170795879,0.0016038412374121316,-0.0031299853707135172,0.002424168712656199,-0.0035511403805977256
1652,Zakharov Function,0.011405403817514983,37500,37500,0.031919185403295344,0.011405403817514983,0.00880385371849634,0.004449268639793138,-0.03175363954840778,-0.010508740477045815,0.031919185403295344,0.009867594927598554,-0.0006789441247613357,-0.02818051791417442,-0.0051393877399661045,-0.00036989840551744126
1653,Zakharov Function,3.0107326664767852e-05,37500,37500,0.004061936436370802,3.0107326664767852e-05,0.0005280731253474303,0.0007431039686020839,0.0007042292625129792,0.0006112699061331072,4.199266996955859e-05,0.004061936436370802,5.9502274328151355e-05,-0.0024140204665255047,0.0007460763447424256,-0.002105551947099339
1654,Zakharov Function,9.645844903455901e-05,37500,37500,0.0068586003526877794,9.645844903455901e-05,0.0015111596651618676,0.0015104278840561596,-0.005004922540653432,0.00260276374102742,-0.0068586003526877794,0.0022765362308420196,-0.0008286652712767842,0.0016416734071824485,0.0006281741681467023,0.0011089967611522802
1655,Zakharov Function,0.005016086003561092,37500,37500,0.05558214929612823,0.005016086003561092,0.002976645591202823,-0.002863103059996628,0.011267292164866959,-0.022989752410247616,0.0057917353647437796,0.05558214929612823,0.01735056491904155,-0.006228147460110353,-0.01998786965357232,-0.016418513902725765
1656,Zakharov Function,3.8120384773194536,37500,37500,1.078047088731921,3.8120384773194536,0.29547955918639784,0.7263310475893396,-0.37287613034632217,0.810927256336031,-0.3290893325857692,1.078047088731921,-0.006169998390841647,-0.29953213567197634,-0.8691440308112219,0.24364912302728126
1657,Zakharov Function,0.0010394476594988505,37500,37500,0.020595468823525295,0.0010394476594988505,0.006952410951285123,-0.01216048002701845,0.004139121158225623,0.0005962599189177787,0.007473717871110817,0.006135510406860478,0.020595468823525295,-0.0007641073909219936,-0.016276326449209327,-0.005674290699256901
1658,Zakharov Function,0.007122193116324314,37500,37500,0.0403631192376632,0.007122193116324314,0.022230240876131638,0.01507008811546139,-0.02317324645359678,0.03756088845183761,-0.0403631192376632,0.007285959608515101,-0.004931271906970569,-0.006682096549263689,0.0339061305281946,-0.01169842279022149
1659,Zakharov Function,5.062747692206165e-05,37500,37500,0.0044493820901184734,5.062747692206165e-05,0.0005727779339390314,-0.0013880222761297719,-0.00023183296533266663,-0.0004361188859683452,0.0009035556436243787,0.0044493820901184734,0.00039948126741644373,-0.001523347475128592,-0.0016890050744622631,0.0007325554530668464
1660,Zakharov Function,6.446129982384199e-05,37500,37500,0.005454777228795558,6.446129982384199e-05,0.005454777228795558,-0.003116878555475267,0.002251372952220427,-7.2908150080988e-05,-0.0022228976990211853,0.0005755546333151178,0.00239842987498199,-0.0019930438270659894,-0.000523490136809468,0.00015443431456319576
1661,Zakharov Function,0.3149553352805701,37500,37500,0.3358185909140382,0.3149553352805701,0.0463379704179058,-0.32063345353655226,0.14354570583014312,0.1410558516846094,0.3358185909140382,-0.07918973117065925,0.054974269584867494,-0.14661894653110313,0.042544959892059586,-0.09555395233750072
1662,Zakharov Function,0.024653823083815706,37500,37500,0.1095605175819395,0.024653823083815706,0.1095605175819395,-0.03594761511852318,-0.07105594139084584,-0.030134640255668605,-0.03269997579022163,-0.006897365490284239,0.011841518573979921,0.05112193383398416,0.006863255816473556,-0.01254886429163695
1663,Zakharov Function,0.026008740692168474,37500,37500,0.12502833858230566,0.026008740692168474,-0.0031005332992751627,-0.04549761346028394,0.02713960281663303,-0.12502833858230566,0.038249828543817005,-0.01417538723459634,0.01923633025308449,-0.03036024211200391,0.025064025418068042,0.016790218299466395
1664,Zakharov Function,0.22575205835762624,37500,37500,0.35286918192795513,0.22575205835762624,-0.036062783016715894,0.0030455399797760588,0.09934374371821236,-0.2695297096238718,0.35286918192795513,-0.12382521676336544,0.0009351385861311717,-0.02294336001932358,-0.011508645045124222,0.013917372493719285
1665,Zakharov Function,0.054159290237261466,37500,37500,0.13478537346574532,0.054159290237261466,-0.008938086989638383,0.04557560255144433,0.09585535834692116,-0.06528345632791792,-0.03411326238460714,-0.13478537346574532,0.02071109549458039,0.09335347170031652,-0.05346435351155996,0.030164247722116705
1666,Zakharov Function,2.206280484127664e-05,37500,37500,0.002990965657426491,2.206280484127664e-05,0.0020517952901698304,-0.002052112014181341,0.0008954212229463445,0.00034646211488689304,0.00108808466504093,4.491033902147431e-05,7.993020526657476e-05,0.0013390518218556941,-0.002990965657426491,0.0006766927491363712
1667,Zakharov Function,3.3998587017867304e-06,37500,37500,0.0009900961549191912,3.3998587017867304e-06,0.0005452779499003859,-0.00015765672403115312,0.000678610032693399,0.00042602600290026404,-0.00097362696039817,0.00011291205218905143,0.0009900961549191912,-0.00022154456003308377,-0.00019709090407687394,-0.000413487339977629
1668,Zakharov Function,1.479929304990855e-05,37500,37500,0.0019693159094828654,1.479929304990855e-05,0.0009689893102902452,0.0016949254471005527,-4.7205859366206485e-05,-0.0006929122256452381,-0.0008641409560726872,-0.0017805185743044179,0.0003517702014799891,0.0019693159094828654,-0.0007779574829094122,0.0004976151838992663
1669,Zakharov Function,0.011217136102780741,37500,37500,0.053999672200578684,0.011217136102780741,-0.05299876482486546,-0.0009193146723295176,-0.053999672200578684,-0.019113995026736084,-0.0034931700661624196,0.004144255587343028,0.014200938478300496,0.014376418311443885,-0.006089087327926379,0.02527152853885176
1670,Zakharov Function,0.025755962454467374,37500,37500,0.09921516559564256,0.025755962454467374,0.021215212223843392,0.07001001265377581,-0.04785813291825893,-0.03911162322423114,-0.04377939801901233,-0.018932553876979064,0.012540229156764095,0.09921516559564256,-0.030151495549566754,-0.0244565493332874
1671,Zakharov Function,0.025213414807581137,37500,37500,0.07290541340777124,0.025213414807581137,-0.07290541340777124,-0.048152273154507215,-0.032131574393253336,-0.010629184740083205,0.02151098954240463,-0.026284784424994594,0.0036620932709081136,-0.00611970085417925,0.020087669728949622,-0.004082240413560201
1672,Zakharov Function,0.16660824143985514,37500,37500,0.23741153571751683,0.16660824143985514,-0.13915427197078867,-0.23741153571751683,0.11252551789886739,-0.04258554013847793,-0.0678701391745259,-0.21282159253557786,-0.004835153673194453,0.026385662080721933,0.082004119190945,0.1260303520325045
1673,Zakharov Function,0.1816423550894119,37500,37500,0.27167792003609337,0.1816423550894119,-0.07531151117288026,-0.17334748001158817,0.1538198121525159,-0.040509634009255946,-0.05618778185698625,0.12192917913829844,0.11401460700853605,-0.27167792003609337,0.06395004808344892,0.06447510727379355
1674,Zakharov Function,0.2590898418284557,37500,37500,0.2526220953370634,0.2590898418284557,-0.06258692304640645,0.2526220953370634,-0.034090483617971706,-0.01695714636164436,-0.21308696255008652,-0.16202659983714618,0.21863009572494993,0.13201860682028407,-0.09183841461582636,0.041096858043157644
1675,Zakharov Function,0.00042204666061965396,37500,37500,0.015717750007481192,0.00042204666061965396,0.015717750007481192,0.007091296488884034,-0.003791998875660727,-0.0018357335226440938,0.004017868039750922,-0.0013605708869744116,-0.00400580845255759,-0.002832870079284883,-0.0022275332507328514,0.005791822565082425
1676,Zakharov Function,0.059382269405064275,37500,37500,0.14203275782814817,0.059382269405064275,0.012313624671378365,-0.11371154597900257,0.13074899055561248,-0.023547131088662472,0.0029397268728889314,0.14203275782814817,-0.08438565332664348,0.012494152444469248,-0.02770361089258956,-0.01997441741709912
1677,Zakharov Function,0.002199182484326561,37500,37500,0.03344000614653235,0.002199182484326561,0.00742833880942101,-0.006096695802500437,0.0204449815811939,0.017092870159960583,-0.012285836868925443,0.0017894406355491175,-0.03344000614653235,0.0058278785325585145,0.004726333558670998,0.007671606611999655
1678,Zakharov Function,26.33718402700539,37500,37500,2.754597694304018,26.33718402700539,0.05742343061007148,-2.485696767323222,1.7803056545308458,2.754597694304018,-1.5033315505790843,-2.1262301394040373,-0.7619735098564528,0.4350031112080852,1.2128919883928633,0.08375763889831228
1679,Zakharov Function,0.16116024188937833,37500,37500,0.17475191745322638,0.16116024188937833,-0.07734058799223745,-0.11738606077636722,0.12177630941308439,-0.1100260250408018,-0.17475191745322638,0.08996401258405137,-0.003723640672375607,0.019071930382931146,0.1308373671657418,-0.011344074985412927
1680,Zakharov Function,0.0004801305419258844,37500,37500,0.012079836831183424,0.0004801305419258844,-0.010791744543302163,-0.0016233591350844493,-0.009476603068798991,-0.0010651648642059919,0.0070105892550881375,0.0056740316854907,0.004590499583772653,-0.012079836831183424,-0.0005636539865856976,0.004523526663368283
1681,Zakharov Function,0.02590837463250751,37500,37500,0.09116539885697908,0.02590837463250751,0.060206388808897365,-0.015827133682510788,0.04373462250448051,0.09116539885697908,-0.032519738107402024,-0.0016546593550203353,-0.045949513190614674,-0.03038509686399881,0.02931302997592064,-0.021061668748951407
1682,Zakharov Function,0.005434091290272835,37500,37500,0.04732560948026497,0.005434091290272835,-0.00700447291976629,-0.017073978612566064,0.005893451386845411,0.04732560948026497,-0.02741427357169296,-0.03676634671576148,-0.014221400820948152,-0.00039612542554758913,0.01903556075359259,0.012286702930815884
1683,Zakharov Function,0.0003623972721929278,37500,37500,0.012671404869442241,0.0003623972721929278,0.005416960821565443,0.012671404869442241,0.0066114359415492905,-0.0020220009566097458,0.002843147591928618,-0.0037557806880192494,-0.00017625043706943552,-0.005802397932198484,0.004951429168807515,-0.004150103916828771
1684,Zakharov Function,0.0014972755684533403,37500,37500,0.024765884737653947,0.0014972755684533403,-0.008059610838235254,-0.016061871237641683,0.006374693658665618,0.00035222640908330344,-0.0016760749056748906,-0.000821618115598415,0.011945648196227805,-0.0018767617115615807,-0.024765884737653947,0.019137799649704343
1685,Zakharov Function,0.05368370993414025,37500,37500,0.1412170596627991,0.05368370993414025,-0.018993356384101906,-0.11399387941937095,0.11340166498131805,0.07258942568170329,0.030639785446865346,-0.1412170596627991,-0.019548703011159248,0.012377195524326506,0.024200830460917144,0.011420630510831756
1686,Zakharov Function,0.10957171514405097,37500,37500,0.1680260490630698,0.10957171514405097,-0.013382990839990214,0.09369006886539855,-0.16663223252292692,0.1680260490630698,0.0430356000072409,-0.04765984638838276,0.08333829099016021,-0.1453294220191965,-0.04900963595535876,0.08504550791316197
1687,Zakharov Function,0.035184580326482515,37500,37500,0.09499058867798585,0.035184580326482515,-0.06500183539563253,-0.0492672037059666,-0.0422785509839759,0.06972552557822081,-0.021290977200278276,0.05720680122428577,-0.09499058867798585,0.03320233378392208,0.07160081662954225,-0.050697914172829414
1688,Zakharov Function,3.945270316248722e-05,37500,37500,0.003304601683692847,3.945270316248722e-05,-0.0015651587653970661,0.0012860234838928334,0.00010842806350437281,-0.003304601683692847,-0.0030143638320483737,-0.0014520233019909784,-0.0012688969733661614,-0.00017345426423708357,0.0019362017023223442,0.0027659544734921233
1689,Zakharov Function,0.16370796804984347,37500,37500,0.25795988389380353,0.16370796804984347,0.09814580693498784,0.1523495694247095,0.005470473802591219,-0.11495435430641404,-0.046069790497567376,-0.02753971232110019,0.07626609207271248,0.06084015952961523,-0.25795988389380353,0.18629880730540727
1690,Zakharov Function,0.000371624455145378,37500,37500,0.009469158804139415,0.000371624455145378,0.0064913017667623165,0.009469158804139415,-0.003790687685320992,0.0029286547310164246,0.002452097994276127,-0.000557804316693008,-0.004631017255962236,-0.008865695772567551,0.007259454643539437,-0.0011702619576854241
1691,Zakharov Function,0.0842868740358388,37500,37500,0.14146125799190007,0.0842868740358388,-0.0848467448736968,0.07912004525006916,-0.12465015615297587,-0.03588867899862815,0.07523676860465317,0.1048973636383074,-0.05021249954140186,0.09959348751609834,-0.14146125799190007,0.012935978885970548
1692,Zakharov Function,2.8658344041591686e-05,37500,37500,0.0034259595054728555,2.8658344041591686e-05,-0.00281977063389162,-0.001641353130974639,0.0034259595054728555,0.0002354562427223073,-0.0018888756703579201,-0.0006065367729106868,-0.0001962156612838239,-0.0004224533749471557,-9.905532459149075e-05,0.0014119122921989065
1693,Zakharov Function,0.00020310070492386554,37500,37500,0.0072619017097417336,0.00020310070492386554,-0.002516883649067711,0.005455964789206498,0.002418516306358117,-0.002494895890286163,0.004226975926177457,-0.0012005889986548375,-0.00408825792943667,0.006258781858229874,0.0024943148268997553,-0.0072619017097417336
1694,Zakharov Function,0.42270354347130906,37500,37500,0.40195761679576336,0.42270354347130906,0.09659041569551649,-0.1506304952577944,0.23528132024121776,-0.18842396078581852,-0.13210091899118562,0.09064166035061864,-0.061650452318550486,0.40195761679576336,-0.2239517768788749,-0.08426206659323754
1695,Zakharov Function,19.025081514830376,37500,37500,2.7461181227738747,19.025081514830376,-0.7609041486275067,0.4734334293849678,0.15577328716992922,1.0082661549905165,-2.7461181227738747,1.6211910018181102,2.082492370736527,-1.5408081072483095,0.19130863881055465,-0.4938198904462029
1696,Zakharov Function,0.015390725989078367,37500,37500,0.08322264549888703,0.015390725989078367,0.004778090867500609,0.001388737422289917,0.05281461580119481,-0.04530569076379495,0.02996169412983077,0.030685284229367192,0.04064153034912341,-0.08322264549888703,0.0091842733763184,-0.0027779131003370936
1697,Zakharov Function,0.0030916373865016384,37500,37500,0.04412546047642593,0.0030916373865016384,-0.011891770535398518,-0.012929855054486322,-0.04412546047642593,0.010388865286593614,-0.016433340068885,-0.00601922652113597,0.0091497779429589,0.012249668100181604,0.0004823984667003192,0.005540349759893251
1698,Zakharov Function,0.06579978927824869,37500,37500,0.13731634872089377,0.06579978927824869,-0.11672536299402,0.007266818785696011,0.0834917665908651,0.02240568585383365,-0.06377394348652207,0.13731634872089377,-0.007339983336323484,-0.04596456726248817,0.014831987993135093,-0.018417675252166504
1699,Zakharov Function,0.006505782073552672,37500,37500,0.04184673321323005,0.006505782073552672,0.022782553143206305,-0.019265736824875923,0.01697776595326862,-0.024731184800636664,0.02093722580324338,-0.04184673321323005,0.009469557686064358,0.024895366924089106,0.029081779552733,-0.030898076416114993
1700,Zakharov Function,0.0031279566891151134,40000,40000,0.03741209737124215,0.0031279566891151134,0.02387549144018062,-0.03741209737124215,0.0027988315270151107,0.008818232962214873,0.006322300095028222,-0.0006584702572790119,-0.008438899081245685,-0.011838763399347975,0.012368150373962147,0.007172954328268168
1701,Zakharov Function,0.04676662128685593,40000,40000,0.171877388149999,0.04676662128685593,0.022257228486717916,0.06259924078366949,-0.03824165884011179,-0.08812833079537093,0.171877388149999,-0.017157177798587168,-0.04159301948837253,-0.03049598048932657,-0.00432113143718873,0.01726000592707303
1702,Zakharov Function,0.00019250706751874674,40000,40000,0.009726679419225205,0.00019250706751874674,-0.009726679419225205,0.00011529831628302164,0.0075336040884022015,-0.0025942149719605013,0.003082789626240913,-0.00042154082604003475,-0.00018359461603337755,-0.0019127062153847353,0.0005614577813272455,0.000496863207521861
1703,Zakharov Function,0.003060922756361106,40000,40000,0.03461532628685012,0.003060922756361106,0.03461532628685012,0.022653113270299945,0.007657579846160809,-0.0037348968940577355,-0.011500342120662463,-0.009039442691498388,-0.02025282280007132,0.011703188109285455,0.0015635759965654398,0.009864376532727835
1704,Zakharov Function,0.005355135455532973,40000,40000,0.04415753452325659,0.005355135455532973,0.011925443382374945,-0.008048041963204694,0.031113804888515537,-0.04415753452325659,0.01392453908927178,0.0012549605422989898,-0.016198173960532254,-0.0019072353691940054,0.008462608052626473,-0.001944168746632115
1705,Zakharov Function,5.538091268497352,40000,40000,1.6531974799197147,5.538091268497352,0.1545324665010539,0.5444048681684478,-0.7832280621846397,-0.30967480909055684,0.45046243424850707,-0.686456109955377,1.6531974799197147,-0.03711189270569029,-1.0230213548693445,0.18761775861843313
1706,Zakharov Function,2.541894543774434e-07,40000,40000,0.0001649802535188719,2.541894543774434e-07,-0.00010288899195051856,-0.0001115187145402016,-0.0001649802535188719,-0.00013390412005697772,0.00015539922851915333,0.00015166222979083726,-2.2966730503840114e-05,7.694997238580069e-05,0.00014735561582394672,-0.00015195194428080686
1707,Zakharov Function,1.7611763045873472e-07,40000,40000,0.00027239386451292566,1.7611763045873472e-07,0.00027239386451292566,-5.585005966991273e-05,-8.169596489435056e-05,-8.606451524934564e-05,7.411968482418679e-05,-4.960149226027954e-05,-2.872586380593525e-05,0.00019652561049107901,-6.951468060697724e-05,-2.940595994927119e-06
1708,Zakharov Function,0.00021829128642521228,40000,40000,0.010275358048135078,0.00021829128642521228,-0.0018917765361801835,0.010275358048135078,0.0010130253550248772,-0.001821148171901797,-0.005884911791094645,0.0023313180181371938,-0.0034171551767244084,-0.0037515549263834064,0.005228716002510499,0.0014106597624537216
1709,Zakharov Function,2.796569253486796,40000,40000,1.1448859641493123,2.796569253486796,0.12598419814742992,-0.0487296935410802,-0.1575687430549572,-0.8831138492850577,1.1448859641493123,-0.3801504598056259,-0.4109039219746913,0.20216306597870803,0.0357440435237287,0.048048242647020456
1710,Zakharov Function,0.002322287445082036,40000,40000,0.037017796163670194,0.002322287445082036,-0.009908033166560005,-0.00984848129807529,0.004809440344235539,0.011955314532926494,-0.037017796163670194,0.007172045303449567,0.0059538868912698325,-0.00459348587967646,0.0015580777874897311,0.012627990299055928
1711,Zakharov Function,3.290770454687989e-05,40000,40000,0.004527970086026352,3.290770454687989e-05,0.0013128523654647242,-0.00024844683999993553,0.004527970086026352,0.0022662663279964905,-0.0010839422686134983,0.00018530977411842944,-0.0002747342239823563,0.0008472950510053064,-0.0011544611590147656,-0.0011914646467648493
1712,Zakharov Function,0.012612464138342694,40000,40000,0.05080281688116112,0.012612464138342694,-0.04968634081595766,0.03602998949739433,0.0052663947232828995,0.04516696050762646,-0.010188327813343875,-0.0031901065346502493,-0.04317028033306319,0.006491304869671227,0.05080281688116112,-0.04028063965265981
1713,Zakharov Function,0.28687648330903226,40000,40000,0.35731410301491084,0.28687648330903226,0.09323958909249555,-0.217002320046791,0.10100782806941055,-0.18518844062964535,0.35731410301491084,-0.004428814043189941,-0.17175418159126807,0.023844620045710113,-0.0718649660125995,0.09213979021811167
1714,Zakharov Function,0.04377132697947185,40000,40000,0.14611028097470602,0.04377132697947185,0.0015649330992045726,-0.0011558509388290075,0.14611028097470602,-0.09447309160741635,-0.08443892135457115,0.04408746348766826,0.05356168500437042,-0.006346770218861247,-0.037318810171013295,0.010207036259283118
1715,Zakharov Function,1.5391726692084364,40000,40000,0.6856856458722799,1.5391726692084364,0.5150894473491193,-0.3676663378147708,-0.6856856458722799,0.17018241748933058,-0.22721746651243901,0.6694267140628392,-0.23751149750029393,0.21602239788764216,-0.08669924781312544,-0.023534746040280302
1716,Zakharov Function,5.151924425918003,40000,40000,1.3096873558557793,5.151924425918003,0.3327098883475938,0.03977596950646112,0.04742187447294746,-1.2196021474233973,0.7262842502485629,0.7784023952135418,0.4751875552618898,-1.3096873558557793,-0.29188522569385184,0.5122863989710132
1717,Zakharov Function,0.002276737886343619,40000,40000,0.02981122167152281,0.002276737886343619,0.020222454176574717,-0.000944875703203089,0.02275172292676335,-0.010830596168668858,0.00891091824064065,-0.02981122167152281,-0.008506343703497399,0.0036332181423294196,0.0017337380188438105,0.01179484982206594
1718,Zakharov Function,0.00044175156740088717,40000,40000,0.011156877879115276,0.00044175156740088717,0.008961866864467143,-0.009866889347400898,-0.011156877879115276,0.002147276401214733,0.0024461738645269303,0.0016198765573140366,-0.001204145803077393,0.010239700211685581,-0.0029235180366822323,-0.003390065050430483
1719,Zakharov Function,2.7930531373298656e-05,40000,40000,0.0031815800828817976,2.7930531373298656e-05,-0.0007965512884745038,0.0031815800828817976,0.0017287790055638091,-0.00039852328935046386,7.45853710464948e-05,-0.00011028002281876308,-0.00025692725644931307,0.0012230617080745262,-0.0019114792557498395,0.0006148787351161445
1720,Zakharov Function,0.2557533332200398,40000,40000,0.29522141592876916,0.2557533332200398,0.07910401533395833,0.07145585891397016,0.02640476926291438,-0.19211982967575575,-0.10272643433021993,-0.2625882747421582,0.1294953868842726,0.002614191867646984,-0.1514732591860091,0.29522141592876916
1721,Zakharov Function,0.000235279946519264,40000,40000,0.010291247038247778,0.000235279946519264,0.0013887656042067364,0.00034279171932886324,0.010291247038247778,-0.003839911753217672,0.0031010828576539104,0.0004001581598671107,-0.0010061935450267504,-0.003978110875851352,0.00704983430181013,-0.006021572873658258
1722,Zakharov Function,0.3043925248578859,40000,40000,0.3198213802341958,0.3043925248578859,-0.033450276189960534,-0.1810920395985893,0.1713835902636886,0.20732665653825433,-0.09530065424507353,-0.3198213802341958,-0.007247147703448822,0.07209657652129856,0.24399197958152014,-0.1381608476340637
1723,Zakharov Function,0.0006112497660382161,40000,40000,0.01143972973896273,0.0006112497660382161,-0.01143972973896273,-0.008165154306155071,-0.0007319553166853111,-0.005678132481601571,-0.005869731481195007,0.0092295274966563,-0.0037758118556643315,-0.0021967729910424318,0.0021554341942279153,0.002071248693702724
1724,Zakharov Function,2.536629754937158,40000,40000,0.7390005575852014,2.536629754937158,0.48615569812153525,-0.24358990717159523,-0.1684416407580248,0.4572837895824333,0.11055697299603956,0.6656867180237298,-0.6883174628582529,0.4071118440221002,0.42964365294404405,-0.7390005575852014
1725,Zakharov Function,3.3118366221561364e-06,40000,40000,0.0011390941555824415,3.3118366221561364e-06,0.0003855093992217401,-0.00035589396647970104,-0.00036103803544983447,0.0011390941555824415,-0.0004473463584399179,0.00035001526762330054,-0.0008475648140192475,-0.0003361846451938515,0.0004469649852664599,5.865241319101869e-05
1726,Zakharov Function,0.00031812694177184856,40000,40000,0.01107990865234241,0.00031812694177184856,-0.00012258719115675575,-0.004543174755087403,0.0010319661332633778,0.0041866259227057835,-0.004800943203987041,-0.004250534083217624,0.0011947378801256065,-0.01107990865234241,0.007434036189195208,0.006133935868771444
1727,Zakharov Function,0.0026108480803588257,40000,40000,0.034003190991882766,0.0026108480803588257,-0.004221937914184529,-0.01678499608767446,-0.01920829960205106,-0.003808828568433867,0.010077094921190213,0.002574694261547843,-0.0027119054836958027,-0.01390683536504872,-0.014879172293250857,0.034003190991882766
1728,Zakharov Function,0.14408283148498022,40000,40000,0.23178637197355256,0.14408283148498022,0.014346908492120114,-0.07544190076682869,-0.19443452099778247,0.15092759436407305,0.049586024432349995,0.09813265840855584,-0.23178637197355256,-0.02584812386131328,0.07735696108522322,0.02809084575668513
1729,Zakharov Function,2.3694878540262963e-05,40000,40000,0.002938122634556138,2.3694878540262963e-05,-0.0007236338921144457,-0.0017864865163921316,0.0019472582049973692,-0.00150406139184964,-0.0003637984814260761,0.002938122634556138,-0.0005396254928517801,-0.0020499835887018663,0.00036801767806803835,0.0004357036078899932
1730,Zakharov Function,0.13620133835835205,40000,40000,0.14016465449887783,0.13620133835835205,-0.1116252643348855,0.012110962436015891,-0.0649727478618591,0.0008611265609202584,0.06750087224250269,0.14016465449887783,-0.07533237593986336,0.05843709621666528,-0.03552706302770069,0.00407434668979521
1731,Zakharov Function,0.017829819946286962,40000,40000,0.08335846125201961,0.017829819946286962,0.023852231081473507,0.005972240961709063,-0.007638506536445346,-0.08335846125201961,0.0664856794729955,-0.009654929379452755,-0.02356429888375019,0.0025508324700401243,0.03851637639636061,-0.0035491647936403935
1732,Zakharov Function,0.5368190223252703,40000,40000,0.26754692813316305,0.5368190223252703,0.1288446949672845,0.22512730565650715,0.26754692813316305,-0.17940514895716447,-0.08639383967841102,0.18197106146137126,0.10144649529733846,0.17249769825667396,-0.2555171299934784,-0.025422471634752697
1733,Zakharov Function,2.8815110926029434e-05,40000,40000,0.002548166492194754,2.8815110926029434e-05,-0.002548166492194754,-0.002012428819928278,-0.0007219955612691988,-0.0016875981524698603,-0.0009474164154737162,-0.0004050509134703715,0.00016122832446729724,0.0016771713900825365,-0.000816942517005097,0.0009309229576064934
1734,Zakharov Function,1.7814226949060479,40000,40000,0.7455340936120798,1.7814226949060479,-0.7455340936120798,0.01849172579705894,0.25627775906924344,-0.31565545513900906,0.11809538977587003,0.3144444703103245,0.4923855705116763,-0.32925821311189296,-0.6689162375390244,0.3798702461877028
1735,Zakharov Function,0.47807586030377086,40000,40000,0.4215274114878262,0.47807586030377086,0.18999745570060622,-0.2159776025848844,-0.01100968962973406,-0.08906542100774145,-0.03637769323190454,0.21637959491612785,-0.0889165780113374,-0.4215274114878262,0.3898143669738835,-0.007693456290543847
1736,Zakharov Function,0.1224139178361831,40000,40000,0.1804889147414874,0.1224139178361831,-0.1804889147414874,0.1335340801993964,-0.10791044388322281,-0.09858726173276933,-0.02531110551619501,0.09635894734709803,0.033193550689722934,-0.024805827314364787,-0.025398076864708696,-0.0010054215034434252
1737,Zakharov Function,0.0023192027258452695,40000,40000,0.038160034235565986,0.0023192027258452695,0.0037417614927182383,0.003405324796162129,-0.0034340776475687866,0.009821050365440672,-0.0071553311139865745,0.038160034235565986,0.013981054777984364,-0.008598177373601208,-0.015116158026217554,-0.011053782660623575
1738,Zakharov Function,0.15817136666224677,40000,40000,0.2962379437107512,0.15817136666224677,-0.0009609638484320534,-0.08034838046231035,0.022469803094671448,0.2962379437107512,0.09684316527867523,0.07318789825862165,-0.01708650623969616,-0.20611007959559996,-0.06771484708681941,0.036806256576028235
1739,Zakharov Function,0.9718280149585349,40000,40000,0.5853231579045562,0.9718280149585349,-0.2161565594231436,-0.1724361919820677,0.5853231579045562,-0.3816645064387215,-0.2321768450276125,0.3003376161448791,-0.40453484463342704,-0.010183207593531918,0.26949748960174325,-0.014258612605443144
1740,Zakharov Function,7.728426776302644,40000,40000,1.5134106615367116,7.728426776302644,-0.7182788237410263,0.2179572040033122,0.006024072630680138,1.2356177804660058,-0.07907568923619916,-1.238114305479327,1.1915218894846795,-1.5134106615367116,0.5238597020685151,0.16272951501556315
1741,Zakharov Function,4.32213595912229e-05,40000,40000,0.004390090677690873,4.32213595912229e-05,0.0011730981388076397,0.0013828259500522028,0.001059805650459099,-0.0036385882513417424,-0.0002841837686867316,0.004390090677690873,-0.0019403029382325217,-0.00022106068714086724,0.0009674169649669228,-0.0011562026614317684
1742,Zakharov Function,4.1227559414333416e-05,40000,40000,0.0037898527375526702,4.1227559414333416e-05,0.001068660423453504,0.003765789797355283,-0.0008228379551897846,0.000925410818152776,0.00215769900281919,-0.0015576984561465558,0.00021135451271065954,-0.0037898527375526702,0.0008788233420844094,0.000712331980040776
1743,Zakharov Function,0.0031182384070060206,40000,40000,0.038657782493797255,0.0031182384070060206,-0.011173070781318824,-0.038657782493797255,-0.009454952777920113,0.022397603913578017,0.009031756010225942,-0.021961666741424572,-0.0022024135207566547,-0.004209430892188852,0.015135634652127625,0.004385130169522172
1744,Zakharov Function,1.809064133374597,40000,40000,0.7325190575787328,1.809064133374597,-0.014611597905497861,-0.3874195407988086,0.6341587417236254,0.288899870407728,-0.7325190575787328,-0.10974716511451378,0.6778166686508901,-0.006902817083588442,0.06053007143993326,-0.2593214840251836
1745,Zakharov Function,0.0018091699051245923,40000,40000,0.021787979414622252,0.0018091699051245923,-0.02053186074278335,-0.014210039248156862,-0.006258473697306866,-0.021787979414622252,0.0021715198809484767,0.01454164894747405,0.0020345081351440565,-0.0026954984636125712,-0.01030041043554218,0.017054700035082054
1746,Zakharov Function,0.008309814591297133,40000,40000,0.05214430835933157,0.008309814591297133,0.002916596765742914,0.016825347156127768,-0.007996404916230583,0.022793207322110716,-0.014090318255726706,0.05214430835933157,0.028935688757332663,-0.030417936768737282,-0.04332257779088843,0.013704865874182397
1747,Zakharov Function,9.257142784031591e-05,40000,40000,0.004572701417617363,9.257142784031591e-05,-0.0009527806349147792,0.0028646456128261118,-0.0006173796202629442,-0.00293308320132948,-0.0034250198883855588,-0.0010299394427528965,0.0036068031324457154,0.004572701417617363,-0.004295713987837388,0.0002869510146228157
1748,Zakharov Function,0.00042947708098678026,40000,40000,0.009802764517811239,0.00042947708098678026,-0.0072631940129426285,0.005347666060836139,0.009802764517811239,0.0022392285894548723,0.0009452648593410995,0.006070949178814684,-0.008990204538305974,0.0036220309332908656,0.002416199164427974,-0.005265654839792376
1749,Zakharov Function,4.132103319229329e-05,40000,40000,0.0037126663073462035,4.132103319229329e-05,-0.0008114840326991942,-0.0003967893297696571,0.001391037592314858,0.0007253649058613244,0.0003247129014536848,-0.0003484542123981928,-0.002745516273641533,0.0037126663073462035,0.0006932665700862224,-0.0014245079998007424
1750,Zakharov Function,0.020587567313973796,40000,40000,0.08390420273463023,0.020587567313973796,-0.027057877963846858,0.0008508749743129582,-0.03756134864671938,0.08390420273463023,0.02129295516715324,0.07138187398488816,-0.0277758067460352,-0.03585262511970169,-0.022512057838560924,0.006533971227621144
1751,Zakharov Function,0.012748769677615146,40000,40000,0.0658873331456992,0.012748769677615146,0.016874174455945926,-0.029655298834817767,0.02369790196288636,-0.0030909064941222544,-0.058462107075126,0.010072354677641754,-0.013741243218770276,0.015458208865940223,-0.052201877573877245,0.0658873331456992
1752,Zakharov Function,0.14687626195881742,40000,40000,0.2162193869850676,0.14687626195881742,0.02154662920528176,-0.10359659555636459,0.10350438374622783,0.2162193869850676,0.041182245345212365,-0.07881412692183601,-0.13873754347442724,0.1696312684233383,-0.1412041112016431,0.02456142677704608
1753,Zakharov Function,0.00018074082592306739,40000,40000,0.009392279339082656,0.00018074082592306739,-0.004929008534268346,0.00406649533426594,-0.009392279339082656,0.0017358229950182802,0.0026401536266178155,-0.005096355792062695,0.0011521104600849957,0.00016481217035977953,0.003196185823770914,-0.0006605485817283449
1754,Zakharov Function,1.3942137053855668,40000,40000,0.4750391186440761,1.3942137053855668,0.06108316578264972,-0.18548875050256386,0.08240432136057088,-0.4750391186440761,0.3781502791779816,-0.2543309522258427,-0.17118537338675954,0.2522667010700488,0.1567850023658739,-0.20515048588628287
1755,Zakharov Function,0.0024042173820464797,40000,40000,0.03229809144063054,0.0024042173820464797,0.0019895152304593867,-0.03229809144063054,0.01040738880307892,0.017884981375847347,-0.0012527014474205717,0.02336406652071966,-0.006277144694841402,-0.018400949715429826,-8.096497790346225e-05,0.001586459386979246
1756,Zakharov Function,1.1427795665162428e-05,40000,40000,0.002278423178720555,1.1427795665162428e-05,-0.0018368308891470561,-0.000500784268714298,0.0007347729592202096,-0.0006630522444452462,-0.0006157762624071023,0.002278423178720555,3.0752788027484405e-05,-0.0008251355706024466,4.3861737650988976e-05,1.943918058280869e-05
1757,Zakharov Function,0.007379391865423818,40000,40000,0.05189082646083111,0.007379391865423818,0.008716856337022731,0.021201689805573472,-0.023929270228114755,0.05189082646083111,-0.036544382417458415,-0.006301753823017647,-0.035037857847038716,0.010974853787300884,0.010261376679001843,0.014556266696634852
1758,Zakharov Function,0.008873309715734861,40000,40000,0.06313317520513899,0.008873309715734861,0.06313317520513899,-0.00395647781288537,0.04668796566088432,-0.003674967030285182,0.036404394275857385,0.016831033751043244,-0.010983468059417283,-0.020361255961246952,-0.010048149574700236,-0.00964709053728064
1759,Zakharov Function,1.2217982539371095e-05,40000,40000,0.0022145529922700893,1.2217982539371095e-05,0.00033444969904794725,-4.245546740787656e-05,-0.0009816443257746606,-8.569480909730639e-05,0.0016787294285193462,-0.0009468630836635731,-0.000935564404176528,0.0022145529922700893,-0.0008627716068119508,-0.00012002692269342272
1760,Zakharov Function,0.00036571734856094085,40000,40000,0.009665478357554462,0.00036571734856094085,-0.007614780931069671,-0.007686690276654834,0.0016233543990078377,-0.005483982646047154,0.0031925265385070803,-9.373092377330675e-05,0.006121508441987188,0.009665478357554462,-0.007231799071155582,-0.002202160923659024
1761,Zakharov Function,0.168741109504525,40000,40000,0.24944268571841,0.168741109504525,-0.1353148092197652,0.08232509323854525,0.02206028602592912,-0.08997495703146803,0.24944268571841,-0.23038125980384738,-0.0028498925423727367,0.12801014491699864,-0.016720324290667075,-0.03712810644432112
1762,Zakharov Function,0.006097689236667136,40000,40000,0.041322602725855605,0.006097689236667136,0.023264486854509436,-0.0263963382717304,-0.0027770365411110796,-0.02020906374990293,0.023634251452860223,-0.02645248582078366,-0.02761362508282246,0.041322602725855605,0.01814527251268903,-0.010861949931468837
1763,Zakharov Function,0.0012894262535360632,40000,40000,0.018615621261216766,0.0012894262535360632,0.0004047395497619472,0.010106246522423788,0.004538820196494226,-0.016123179812325653,-0.006756510310775434,-0.0055920182807108025,0.018615621261216766,0.0046145426777355215,-0.01780469228863161,0.010304074428784558
1764,Zakharov Function,4.1212246079793095e-06,40000,40000,0.001179533944001164,4.1212246079793095e-06,-0.00038108304264524015,0.00019598070455517338,-0.000637830269278501,-0.0005144166635447272,0.0005409971459257052,-0.0007200461690562441,0.00031662634307709253,-0.0005708167980070652,0.001179533944001164,-0.0004064702026160471
1765,Zakharov Function,0.646883032499456,40000,40000,0.3540802576938006,0.646883032499456,0.28382799444891144,0.13776125467114708,-0.18734229308463973,0.3540802576938006,-0.1560541543200653,0.01030733116507633,-0.17494232071953564,0.2795793417000101,-0.35119009122106815,0.078508953818203
1766,Zakharov Function,0.005139400454507664,40000,40000,0.05576171496766952,0.005139400454507664,-0.0063893021629210685,0.021346443072015733,0.05576171496766952,0.0010863941727549892,0.012845121424780694,-0.014611292951140178,0.0005048584694995499,-0.0013695731323954026,0.01403271728061922,-0.027530169275830154
1767,Zakharov Function,0.00011670360368244367,40000,40000,0.006120235307724178,0.00011670360368244367,-0.001024099865939568,0.004178966613377057,0.006120235307724178,0.002923724316312708,0.0007829250633282058,-0.0031560264992139186,0.0004708923552359809,-0.004073198641210196,0.004048234482833474,-0.0028751089685238283
1768,Zakharov Function,0.0022339036256733844,40000,40000,0.02227010567845642,0.0022339036256733844,-0.02227010567845642,-0.001318665677797134,-0.0197768688455997,0.0033004246290826104,0.019735818964713776,0.012218761067103762,0.021728340802911677,-0.014644066125067232,-0.004561788719365498,-0.009361005336204258
1769,Zakharov Function,2.132316575314543,40000,40000,1.1176724018177753,2.132316575314543,0.31258902995588117,0.06460392490043673,0.5991291266632005,-0.12326133779758992,-1.1176724018177753,0.38020262401986005,-0.2539696153430108,0.14942921194149514,0.3536352141520557,-0.061582168731968534
1770,Zakharov Function,0.02984230276305659,40000,40000,0.12122372785260102,0.02984230276305659,-0.028777364016286694,0.00191140284558411,0.01664861725196562,-0.0010903646511202913,-0.020571966333642867,-0.10761195554878822,0.12122372785260102,0.034081901580107765,-0.023575608121461138,-0.017560927594684257
1771,Zakharov Function,0.12993162902560323,40000,40000,0.21417246229284984,0.12993162902560323,-0.11272490272640301,-0.02555326873474119,0.024487997104040364,0.07984163563839766,-0.007528025973876182,0.2138025396976257,-0.21417246229284984,0.0835899768566881,-0.09560750627372833,0.013567582987386029
1772,Zakharov Function,0.0012218463465319932,40000,40000,0.014101410861222925,0.0012218463465319932,-0.0031155461485060515,-0.0026410924037265204,-0.0024985405167105906,0.0010144547302354048,0.001027849652264783,0.0011846570218137212,0.013973944489577186,-0.014101410861222925,-0.002067469825605098,-0.002306347653138868
1773,Zakharov Function,1.1856525077117905,40000,40000,0.590019875248241,1.1856525077117905,-0.12627209656890045,0.31428381383350834,-0.47414001754133905,0.11761921117789115,-0.28212076572819367,-0.035316860922036786,0.06908989308853009,-0.590019875248241,0.5865212337828087,0.13979960287706428
1774,Zakharov Function,0.013631741463982992,40000,40000,0.06032154357204339,0.013631741463982992,-0.050653999097260996,0.03457634148739017,-0.005816737145665565,-0.05454412149969759,0.005547348072102283,-0.012329780353607784,0.006204956087937918,-0.04903616837789061,0.006248511584256598,0.06032154357204339
1775,Zakharov Function,0.08435518915520619,40000,40000,0.14137598087510145,0.08435518915520619,0.0703375880543159,0.04156431571618005,-0.10467048086536467,0.06968655714199895,-0.06706849628580447,-0.07308233244103574,0.10251804312967222,-0.14137598087510145,0.1310941925631216,-0.023387207019122072
1776,Zakharov Function,0.17530957658245108,40000,40000,0.26670013345370497,0.17530957658245108,0.018537711551199654,0.043852295460150875,0.04279446064228399,0.2539335001270089,0.09386079020472216,-0.26670013345370497,-0.13733178707704122,-0.021362899114004547,0.08044446030057321,0.02498596330847841
1777,Zakharov Function,16.28600661093272,40000,40000,2.0620718731003813,16.28600661093272,1.6363530277195042,-0.5781178640514919,-1.2758266067944257,-0.02876189523194378,1.0862445048334195,1.1967517240123666,2.0620718731003813,-1.7047540790663356,0.29032343288155993,-1.3093158761284147
1778,Zakharov Function,0.0021727508375067816,40000,40000,0.0352220024543377,0.0021727508375067816,-0.00027231139629748323,-0.001774292768877766,0.019866488359542106,-0.010695503663554252,-0.009472725818540332,0.0352220024543377,-0.0030121274435624575,-0.007304207271976237,0.003621708947997491,-0.010623245544180059
1779,Zakharov Function,0.002622290584272404,40000,40000,0.03291145203226458,0.002622290584272404,-0.007895466016367803,-0.006729674762823136,-0.03291145203226458,0.010913257359373412,0.0006069359695017578,0.015664443432111486,0.011386744416908096,-0.01474922934631889,-0.012257450902902277,0.016287962577803017
1780,Zakharov Function,0.006008145868121084,40000,40000,0.045906086163430386,0.006008145868121084,0.00420511756370516,0.008049718077774971,-0.00935503314647446,0.019411853556961213,-0.044099020224304036,0.045906086163430386,0.0017488966657950265,-0.007111306755165189,-0.030793036276904627,0.017788181315364984
1781,Zakharov Function,7.432015030240939e-06,40000,40000,0.002026208696961939,7.432015030240939e-06,-0.00010613814943410765,-0.002026208696961939,0.0004754176293864749,0.0009398269021859183,0.00014427088356418856,-0.0007881247359867352,-0.00010431048351191415,0.0005239259070851343,0.0005074579946365587,-0.0006581490395952156
1782,Zakharov Function,1.8115791626564794,40000,40000,0.8637836185639396,1.8115791626564794,0.09756344288594831,-0.00043196359797065265,-0.03265634696145625,-0.8637836185639396,0.5490638376456717,0.10866252620765016,-0.6385538759104119,-0.028000169429233446,0.4511975307541686,0.001098331209841319
1783,Zakharov Function,3.784153446589463e-05,40000,40000,0.003960844166557045,3.784153446589463e-05,0.0013444154410811068,0.0017121034117936979,0.002233226388348256,0.0007919794946890943,-0.003960844166557045,0.001497517990197831,0.002303895420870384,4.225260518732972e-05,-0.0006447254724559154,-0.0016565782765335477
1784,Zakharov Function,0.011604467878336076,40000,40000,0.06568399440185882,0.011604467878336076,0.0013311074600394802,0.007477375326322007,-0.03704708185716858,0.051967397869094364,0.06568399440185882,-0.009862326059820743,0.022410682498154238,-0.037540920431145625,-0.01052627980406322,-0.01953582562987673
1785,Zakharov Function,0.001108653242776724,40000,40000,0.021871947526900158,0.001108653242776724,-0.0008840218336864695,0.009839654335059175,-0.013101379653025168,-0.004014154895181268,0.014703184483440719,-0.021871947526900158,-0.00551973396134663,0.0012168353587588658,0.00871765419808939,0.004544515919203657
1786,Zakharov Function,0.004282467057968243,40000,40000,0.024912121124277205,0.004282467057968243,0.012088295298639081,0.023747689112695702,-0.02323435398018315,0.02216637863730932,-0.020950908383400316,-0.024912121124277205,0.005650712303971827,0.023678920259825854,-0.014967881601312481,0.012635380165760702
1787,Zakharov Function,0.023343729729332057,40000,40000,0.06441716497944909,0.023343729729332057,0.06441716497944909,0.057799883384308304,-0.05484088287928183,0.014902853951033863,-0.017528780398798106,0.005615216114695093,-0.01548038839202115,-0.055890921492732885,0.06306471073895571,0.010546251324620698
1788,Zakharov Function,0.33177417569906237,40000,40000,0.26783189967102583,0.33177417569906237,-0.05868183544998259,-0.026389035449707804,0.11329398547189368,0.16179211478232602,0.09650638545554918,-0.13229870525668852,0.20711503965168132,0.18070309251663058,-0.26783189967102583,-0.04093775163172167
1789,Zakharov Function,0.0038408888775313546,40000,40000,0.04487549973929615,0.0038408888775313546,0.008443139804868757,0.007040550452098088,0.02185407856819193,0.01818977080043798,-0.04487549973929615,0.021123574668390054,-0.018532961317923827,0.0027763218615786903,0.0024162885796348045,0.004026310401411221
1790,Zakharov Function,0.00022083446389573226,40000,40000,0.007537798529953949,0.00022083446389573226,0.002307963020775062,-0.0008227249652935362,-0.006979769371023344,0.005433693135785249,0.007537798529953949,0.005771365105410655,-0.005964852664654515,-0.0017315519251727435,-0.002337140717233174,-2.46455934181485e-05
1791,Zakharov Function,0.002836611964074414,40000,40000,0.03949780370061208,0.002836611964074414,0.007250210422145811,-0.006793324138541803,-0.016208941416793216,-0.014304380387228685,0.002983340197967206,-0.0008604158778479365,-4.819086220986257e-05,-0.02002777290532602,0.03949780370061208,-0.011785524727307942
1792,Zakharov Function,0.00050547628275254,40000,40000,0.011377868443518645,0.00050547628275254,0.004465764311134362,0.004472631251936516,0.008662472459134348,0.0052866331058621955,0.004741988169043673,-0.010102617906521671,-0.0022054834751439995,-0.011377868443518645,0.00170369420126662,0.007969606857093943
1793,Zakharov Function,0.001384092266978681,40000,40000,0.023248157862531843,0.001384092266978681,0.00028352686386405243,-0.006945413539222317,-0.023248157862531843,0.0007345418976806476,-0.011924181221000075,-0.002190971842625889,0.021890225748733137,-0.0010538194433190086,0.0005310892233573589,-0.002188611155415716
1794,Zakharov Function,0.09282793418673643,40000,40000,0.1462071551822261,0.09282793418673643,-0.07165697631632242,0.13822675850872979,0.06621267715766832,0.1462071551822261,-0.0505722668552554,0.10577534083720463,-0.07058191663526026,-0.046040534566600795,-0.09299538755447034,0.010075704921107903
1795,Zakharov Function,0.0012107273738343261,40000,40000,0.01843850685499953,0.0012107273738343261,0.008477869334014287,0.012056848721196597,0.010061029659888553,-0.015155430042260894,0.00019421982007578747,-0.01843850685499953,-0.004454578684222794,-0.002861899410064565,0.0009654846090508071,0.013074736845438755
1796,Zakharov Function,0.0014554682075540906,40000,40000,0.0168703966270171,0.0014554682075540906,-0.0028445020844352943,-0.0168703966270171,0.012531718401040233,0.007915136200946169,0.0044744327709296365,-0.01195278345236068,-0.003570666404817675,-0.00792840216801622,-0.002634181265203433,0.007837318421003773
1797,Zakharov Function,1.424086592612007,40000,40000,0.8028541240323379,1.424086592612007,0.05059768946095779,0.6245756429511917,0.1508319718898223,-0.00015859212088198404,-0.20235472046709946,-0.8028541240323379,-0.24839942618784822,-0.09039003261031223,0.2300889168045273,0.4475844744774415
1798,Zakharov Function,1.9448260224113897e-06,40000,40000,0.0008381131149473463,1.9448260224113897e-06,0.00015865334347801591,0.0006262692578333098,-0.0001999883605403672,0.0008381131149473463,-0.00032620557074403416,-0.00031589465509784375,0.00018465417367233283,-0.0003110526355345317,0.000491008484110923,-0.00042065037079709567
1799,Zakharov Function,0.0028622300722892123,40000,40000,0.02285048253723051,0.0028622300722892123,0.0178715542033399,0.0038921239791130068,-0.017789400445042437,0.017901014220065584,-0.004226684586608881,-0.01268227572492865,-0.021563465966633867,0.02285048253723051,0.01636363408715126,-0.008671558193086105
1800,Zakharov Function,0.0003563712664247929,45000,45000,0.011575814522443433,0.0003563712664247929,0.006646852471055776,0.005445949805842822,0.008395819307007576,0.0030414517783808265,-0.011575814522443433,0.001206988436326798,0.0009168284506365135,0.0033233475230469676,-0.004945565768679434,0.001780008260139691
1801,Zakharov Function,0.00021362111441804128,45000,45000,0.008494240359651559,0.00021362111441804128,0.002388270426239188,0.004225943500565714,-0.002247750651773567,-0.004147701450986766,0.005384771294778363,0.005594434520386078,-0.008494240359651559,-0.0021592106711780003,-0.0024419436582544304,0.004868011575459658
1802,Zakharov Function,0.0020789632312163747,45000,45000,0.02741007658321422,0.0020789632312163747,0.006050685257565622,0.012136764888947653,0.02741007658321422,-0.0057555498367313634,-0.011334547541473443,0.0207347719490689,-0.007686528998688472,0.0044052260776571775,-0.020507738793600464,0.0032848173275232054
1803,Zakharov Function,0.4646735437853656,45000,45000,0.37737009557527235,0.4646735437853656,-0.1840818155215933,0.0640264873579745,-0.37737009557527235,0.07372760666926623,0.10050259301494402,0.2961647140597558,-0.3221915060370807,0.0691777614462793,0.06913262364915104,0.0196516684851491
1804,Zakharov Function,0.050564509247965066,45000,45000,0.10317605209952796,0.050564509247965066,-0.03756779029502075,0.10276964955811745,0.09962218593909158,0.03585125339065461,0.10317605209952796,-0.07476270696112519,-0.06241056693532779,0.014926836226769505,-0.059476217164782685,0.02792116099370686
1805,Zakharov Function,0.09713505150531133,45000,45000,0.2002174197472028,0.09713505150531133,-0.0009887216719623206,0.134726673321661,0.014151608268025759,-0.10578902721599243,0.11182385960571464,-0.2002174197472028,-0.01984060843266392,0.05453789254300258,-0.03995130771400525,0.06675970514676531
1806,Zakharov Function,0.000563050110975754,45000,45000,0.015244908365302422,0.000563050110975754,-0.00809291405476246,-0.00974734488774778,-0.0022354060256258423,-0.01144174967983073,0.015244908365302422,0.004322633598375418,0.0017950385518945462,-0.0013645883539928052,-0.002087038113878314,-2.4695670988892846e-06
1807,Zakharov Function,0.0003917012821488016,45000,45000,0.01133555211505798,0.0003917012821488016,-0.007881978196992987,0.0004148012492804251,0.0003851237984316255,-0.0023952808500821623,-0.00232366411929951,0.010941174815490267,0.005047301166413731,-0.01133555211505798,-0.0035773622125046057,0.004137788926844388
1808,Zakharov Function,1.1097390116096117e-05,45000,45000,0.0012995583143493791,1.1097390116096117e-05,-0.0004513668845983693,0.0010591207597952432,0.00033181949395971006,0.0012995583143493791,-0.0011779237688899868,-0.000991963873512314,0.0007920598414353918,-0.0011529173085903055,0.0012484959650146627,-6.913205974658871e-05
1809,Zakharov Function,0.18225784251339874,45000,45000,0.243824215364065,0.18225784251339874,-0.023318823429502117,-0.08231189778580283,0.061113319722819,-0.13218126858909246,-0.09304917180462832,0.243824215364065,0.00021354265813779832,0.18969242575821987,-0.20872063472950408,-0.02520470329568307
1810,Zakharov Function,0.00016633324001040338,45000,45000,0.008858062972612421,0.00016633324001040338,0.0009267092705082507,-0.0011026152791691092,-0.0031925312470353854,-0.0032910821545916076,0.0008907888087439321,-0.003013079668345044,-0.0019653892752326037,0.0015580891259338384,0.008858062972612421,-0.002801640915903795
1811,Zakharov Function,0.09767722026717411,45000,45000,0.17578969970778652,0.09767722026717411,0.17578969970778652,-0.12235099462312943,0.04385837383058549,-0.15097119143438395,-0.03480580045001537,0.13981479590888204,-0.030097472983305666,-0.03408630058768326,0.0319399279978574,-0.004112321212800477
1812,Zakharov Function,0.04777029690996973,45000,45000,0.17039187219023674,0.04777029690996973,-0.016825385485668462,0.08019507742550397,-0.0019036567346148725,-0.07816361068036785,0.17039187219023674,0.01783050360585048,0.002099381245438736,0.007002584651681132,-0.07095103353979876,-0.022240604071040504
1813,Zakharov Function,0.4071287579620975,45000,45000,0.3044293410628692,0.4071287579620975,0.16602784713943475,0.3044293410628692,-0.2181535305275326,-0.10829844333274358,0.07432172557491017,0.2627385674548315,0.04529924280970889,0.2347211132540702,-0.1821789996738324,-0.18598344762353136
1814,Zakharov Function,0.5913214438067123,45000,45000,0.46880674743094963,0.5913214438067123,0.15557062479615164,0.05193564409250144,-0.18103274645649686,-0.2031080263968266,-0.20410004851613667,0.46880674743094963,0.11062113660996906,-0.22538080057796556,0.11681042496294061,0.0013969337990185973
1815,Zakharov Function,1.114192638914634e-05,45000,45000,0.0021902368359050742,1.114192638914634e-05,-0.0012911255452037495,-0.00045665321333195833,-0.0008478688525142774,0.0011145006688084776,-0.00013425496170440512,-0.0021902368359050742,0.0008064821432452311,0.0012077039005827458,0.00034433440387488494,-0.0003567195136419481
1816,Zakharov Function,0.0003615311992024133,45000,45000,0.011430542717994784,0.0003615311992024133,0.011430542717994784,0.002883725734503298,0.0027569800841624283,0.007582065568842878,0.0050096029256459325,0.002339804168247886,-0.007112715213370823,-0.005567566867911551,-0.0005359843899187195,0.0017238457931532255
1817,Zakharov Function,0.056561185646601356,45000,45000,0.1553588928414683,0.056561185646601356,-0.06785903984854141,-0.053051597924713145,-0.08200197267264173,0.013019282159153406,0.1553588928414683,0.055285925019222096,0.035767118575751794,-0.1169553523396524,-0.007843517164136601,0.0003304539974892176
1818,Zakharov Function,0.018459544529749083,45000,45000,0.0749443895224234,0.018459544529749083,0.008105787963342378,0.0749443895224234,-0.04015142691538682,-0.01448851153179892,-0.011132918709095982,-0.063719047354972,-0.04246823104391455,0.06656824997254812,0.017523131717522525,0.00897869230970023
1819,Zakharov Function,0.011382715709422033,45000,45000,0.06563464777085473,0.011382715709422033,0.017106427464634033,-0.06563464777085473,-0.020864553583061884,-0.02868174705223899,0.027784920203023825,0.041298572056418126,-0.011608128166154308,-0.03477960991217306,0.03772662940621557,-0.0043004406617756785
1820,Zakharov Function,0.0009164522144905917,45000,45000,0.01611370606886315,0.0009164522144905917,-0.009395061354962073,-0.0062694842127323635,-0.01611370606886315,0.004886710009130296,0.013978997797034598,0.008951371393270287,0.003875168640537087,0.004361202585473025,-0.010604618868327524,-0.0054145113927793805
1821,Zakharov Function,7.638793295110493e-06,45000,45000,0.001416271796162697,7.638793295110493e-06,0.0006405169765746428,-0.0006812024697815731,0.0003148882153932857,-0.0006209868251797062,-0.0004361212233439846,0.0007939493108060818,0.0005208854986489177,0.001416271796162697,-0.0007693869344453737,-0.0005337240741238094
1822,Zakharov Function,0.05135806604804614,45000,45000,0.11794120645058269,0.05135806604804614,-0.05784289220266764,0.06663067421784571,0.022831539851471773,-0.11331564986132309,0.029170240010050988,-0.04801784803119932,0.11794120645058269,0.03416156391449249,-0.08061016762867225,-0.006878932575916638
1823,Zakharov Function,0.009802099371462267,45000,45000,0.031852511059309654,0.009802099371462267,-0.012190141384480518,-0.005893562472996026,0.029542268311925073,0.014247519752020986,-0.031852511059309654,0.00849039526872244,0.020185500832941086,0.02196824409137786,-0.011756978647610182,-0.006523688512477987
1824,Zakharov Function,0.015529095000315787,45000,45000,0.08493271901914712,0.015529095000315787,0.013934363515214376,0.08493271901914712,0.006495880798929779,-0.015828995682895003,0.033214842311501125,-0.06380852154473324,0.03445384518429889,0.010038870417851398,-0.01176135902588897,-0.007021557241317117
1825,Zakharov Function,0.014003463574903317,45000,45000,0.06485950783398615,0.014003463574903317,-0.026944357111055948,-0.008126686003452479,0.03908289113483555,0.03850360826527132,0.0632835451864446,-0.06485950783398615,0.0022709127031740883,0.022410816741506717,-0.02994828325020199,-0.003304497600061674
1826,Zakharov Function,0.014853834205851544,45000,45000,0.06114025631315806,0.014853834205851544,-0.0009571347876770859,0.005138694909087443,-0.06114025631315806,0.045191212965778355,0.012296926708851054,0.05918844078379479,-0.011565401454793886,0.040809942181729474,-0.04720362901413447,-0.028976565054300987
1827,Zakharov Function,0.6964183715553071,45000,45000,0.52148649458519,0.6964183715553071,-0.04319587681622278,-0.25238684758042806,-0.16829835955122263,-0.030296185050496253,0.4716073341736851,0.52148649458519,0.04017858235491829,-0.12590776825586064,-0.21489442477237652,-0.18468219636166397
1828,Zakharov Function,0.15296927341332991,45000,45000,0.25672672248011297,0.15296927341332991,-0.055985805908126296,-0.05138527624367589,0.0651835965918755,0.002874195494371623,-0.08225729189920192,0.160626772014324,-0.0416284387952611,0.25672672248011297,-0.13339161772776864,-0.09061083877098638
1829,Zakharov Function,5.6219039185703685e-05,45000,45000,0.004224474820170633,5.6219039185703685e-05,-0.0005591106944520451,-0.004224474820170633,0.0028539209812959085,-0.00030217820353281035,-0.0008549853661353052,-0.0018686935345125389,0.00370941298885176,-0.00043948305475629505,0.0012602491786191674,-0.00106769346016977
1830,Zakharov Function,8.40562991733772e-06,45000,45000,0.0016390944717459273,8.40562991733772e-06,-0.0016390944717459273,-0.0003408209051506037,0.0009591746424563899,9.426191555096208e-05,-0.0012368915782370149,0.0008725671132442309,-0.00036490044404295066,0.00041143206923863066,0.0007459480768777457,-0.0009102984140640458
1831,Zakharov Function,0.2688443142257299,45000,45000,0.2576832299736189,0.2688443142257299,0.13019663416580235,-0.08805145317744295,0.2195599085304823,0.2576832299736189,-0.006448027735061979,-0.06825067194081626,0.04385762996538853,-0.2170349921612767,-0.14260437363799774,0.11031723759483067
1832,Zakharov Function,0.8338143136887431,45000,45000,0.5907965598325522,0.8338143136887431,0.1274075569155773,0.2751649744684149,-0.11022064893465565,-0.14372329639775502,0.5907965598325522,-0.28677657495597775,-0.33011009210452275,0.065848167332381,0.29144945528628474,-0.2193710924274621
1833,Zakharov Function,2.41639464027759e-05,45000,45000,0.0028804117081537503,2.41639464027759e-05,0.0028804117081537503,0.0001411724878666485,-0.00032542382560194795,0.0017039282412597378,0.001968456129713331,-0.0015608101338764715,-0.0013217664373849785,0.001750672119323176,-0.0008984933499693497,-0.0004462535683362486
1834,Zakharov Function,0.20868857249159833,45000,45000,0.2612795908538127,0.20868857249159833,0.02483430666646523,-0.08922379865215688,-0.2612795908538127,-0.15493811038099364,0.13734585103482105,0.18251527781331597,0.1571230960163867,-0.16083283988791597,0.00960859265167259,-0.02560604618489895
1835,Zakharov Function,0.020091882514823876,45000,45000,0.09341322405640318,0.020091882514823876,-0.09341322405640318,-0.027081848776969508,-0.03529988974749932,0.028768355360855896,-0.0078085795854210965,-0.028628978199638173,0.060337239226506384,-0.05325401709557726,0.009481415560580804,0.021693711306936814
1836,Zakharov Function,7.841030159332464e-06,45000,45000,0.0017146729326237842,7.841030159332464e-06,-0.00023135128076099863,0.0017146729326237842,0.000806035847515347,-0.0005462891068960014,-0.00013380922987030728,1.9778283707214215e-05,0.0008437311674287132,0.00019830708486201205,0.0006494792968865265,-0.0014765549362578249
1837,Zakharov Function,0.00014875058089534467,45000,45000,0.0061866862389759365,0.00014875058089534467,0.0009026818013633281,0.00029367200228382897,0.0012460152534443034,0.00361714113475231,-0.0005445425625417123,0.005425142440616287,-0.0061866862389759365,0.005144092121082163,-0.004139427026593787,-8.19474403168023e-05
1838,Zakharov Function,0.001038639053300286,45000,45000,0.02014058951312166,0.001038639053300286,0.009632744137588634,-0.0004766616868460737,-0.02014058951312166,-0.0052084315854407474,0.0008310761216165823,-0.008034602932348374,0.020132239796836444,0.003160153161776818,-0.004974786154319089,-0.0009934392747642327
1839,Zakharov Function,0.00843947430054637,45000,45000,0.05515052858982901,0.00843947430054637,-0.008626261961378036,0.029851274341768364,0.044534183322891475,-0.003993848859383432,-0.023144540201532376,0.007095099832353867,-0.01372821198362446,0.0335824464371402,-0.05515052858982901,0.023020071914261094
1840,Zakharov Function,0.338979451125114,45000,45000,0.33435990896935786,0.338979451125114,-0.015295075555912193,-0.33435990896935786,-0.2587679473052612,0.14805328468415585,-0.0033494686348844727,-0.07295927158316606,-0.24690744568745965,0.2041116861647093,0.12570304529064813,0.0502577329530706
1841,Zakharov Function,0.004770427916833846,45000,45000,0.044892348712097935,0.004770427916833846,0.034958002991224674,0.007001931045611767,0.013178499825672985,-0.0032251641369360484,0.044892348712097935,0.012448421962796791,-0.025941181926392127,-0.009470919717987882,-0.005263639840624258,-0.003294459185474892
1842,Zakharov Function,0.009254542418752119,45000,45000,0.07263186333395168,0.009254542418752119,0.004044149504352762,0.015150061636054792,0.05135869160947629,0.00033749038202598135,-0.07263186333395168,0.01240388156365703,-0.01874319079920929,-0.006947637059944849,0.017737045171465217,0.010434202685597561
1843,Zakharov Function,9.673409999471971e-05,45000,45000,0.005559665993427044,9.673409999471971e-05,-0.00019333867832460779,-0.00057834361523495,-0.0019270362323959463,-0.003025224458036954,0.0029552741725139813,-0.000984543681182443,0.0034589858531597845,-0.005559665993427044,0.0035363193854413377,-0.0009565753329552357
1844,Zakharov Function,0.00026576147721861797,45000,45000,0.008874900192751022,0.00026576147721861797,0.005554883830680735,0.0034606668865576062,-0.00010627755465109079,-0.00447525510027119,-0.0054287001420610685,0.004252952456598522,0.0026342056009080322,0.008874900192751022,-0.00045015356983822176,-0.008149154919199979
1845,Zakharov Function,0.07380269237338884,45000,45000,0.08924415456623203,0.07380269237338884,-0.06977156632845456,-0.07293222937503871,-0.07591109631592596,0.08603322737902178,0.011814942000719798,-0.08320560970071178,-0.041427342232446936,0.08924415456623203,-0.03551150215786841,0.008065893770215021
1846,Zakharov Function,0.006124473004918179,45000,45000,0.048479063021035024,0.006124473004918179,0.02908781189784658,-0.048479063021035024,-0.008960183544740898,-0.03492321991450724,0.009210445983231168,0.024897582998047143,-0.014513048682517214,0.0010571319510245536,0.014785520850386202,0.004264781191124415
1847,Zakharov Function,1.3707664941381539e-05,45000,45000,0.0019838291741186534,1.3707664941381539e-05,0.0017847445049426983,0.0001691635455486856,0.0007203107316111372,0.0005500952496355839,-0.0019838291741186534,-0.0010593089353306015,-0.00018458064305311613,0.0018875995045380624,-0.0002851303775234026,-0.0003272980311350627
1848,Zakharov Function,3.559477010684312e-05,45000,45000,0.003925425447268795,3.559477010684312e-05,-0.001448487679155694,-0.0013191849792299265,-0.0004017790807535143,0.003925425447268795,-0.0033163303211865935,-0.0011290911587422004,0.0010615513873728363,0.001335043777030028,-0.00025118692349413986,-9.737492579513377e-05
1849,Zakharov Function,3.2683949987269085e-05,45000,45000,0.002868065842344318,3.2683949987269085e-05,-0.001901088572827627,-0.001631603126019641,0.0011348282855242339,-0.0015292777399709596,0.002868065842344318,0.0003871967228173694,-0.0005242177595075547,-0.0009414837751766153,0.002789148888749898,-0.0020406699219798793
1850,Zakharov Function,0.057127525823637795,45000,45000,0.1476971765796921,0.057127525823637795,0.1476971765796921,-0.06904648945545656,-0.0015537109791988468,-0.013100617983553275,0.08429301846475568,-0.02280825831977102,-0.004956248368459893,0.11901005688995911,-0.0827838340875101,-0.04126155830228886
1851,Zakharov Function,0.031969064085605514,45000,45000,0.10736993191355773,0.031969064085605514,0.0035247576257988536,-0.045114697014166566,0.01324040229998845,0.013362012286578018,0.051871876216998694,-0.05561915316669616,0.1059014192654964,0.006607797595212234,-0.10736993191355773,0.018959726478837216
1852,Zakharov Function,0.01549386280507228,45000,45000,0.038004399767243124,0.01549386280507228,-0.003968998254398955,-0.012491151677394844,0.01995528311098614,0.027634994428652068,0.008640543310828669,0.030861721623517503,-0.024982178600663076,-0.028141791187324357,-0.016769922926842342,0.038004399767243124
1853,Zakharov Function,0.0399001081925324,45000,45000,0.12478791406729228,0.0399001081925324,-0.04467625934408204,0.01601760443564936,-0.044861498013648665,0.02928682552070596,-0.04190211871882783,0.12478791406729228,-0.012779762553893959,-0.12109671572370875,0.00590158855153744,0.04477317799180529
1854,Zakharov Function,0.8089412492024605,45000,45000,0.5905011385539127,0.8089412492024605,-0.28106905375879293,-0.29640304265759765,-0.08904654516920966,-0.14808200923068712,0.5905011385539127,0.1716256802633752,0.2803580380695452,-0.22781094132815452,0.029642090313353353,-0.2918327561619192
1855,Zakharov Function,0.04927670498321144,45000,45000,0.14741552512564568,0.04927670498321144,0.14741552512564568,-0.0930657847557716,-0.07784931404323034,0.08127680284600733,-0.0501164821348235,0.0021788218960174244,0.028410770276261932,-0.02800801934198749,-0.01268933177577846,0.03716775243102388
1856,Zakharov Function,0.013846566664101282,45000,45000,0.09127114563984981,0.013846566664101282,-0.031512448112064204,-0.015870728502123756,-0.0008266211295294978,0.004913908084692803,-0.005329557968482557,0.09127114563984981,0.03488778453909855,-0.010689667722071302,-0.050808173704237444,-0.017440777958254
1857,Zakharov Function,3.357716925284983e-05,45000,45000,0.003847396218924197,3.357716925284983e-05,0.0014510469322080058,-0.001572102636283467,-0.0011424645521521482,0.003847396218924197,0.0021393007539366534,0.0011838273947665555,-0.00023048857065499292,0.0001476025028704872,-0.0005005140287455754,-0.0019884798075843098
1858,Zakharov Function,0.006750931776782761,45000,45000,0.038754669209656645,0.006750931776782761,-0.03864596518375857,-0.03547165700156315,0.008331599917654642,-0.02926476308437878,0.0026049609195708395,0.038754669209656645,-0.011116429798881701,-0.00624325790525079,-0.0039071541151266855,0.004514605889136929
1859,Zakharov Function,1.5879866970333959e-07,45000,45000,0.00018536371717171296,1.5879866970333959e-07,7.772525733425089e-05,-3.125970561304372e-05,0.00018027499726117497,9.041553331744039e-05,0.00018536371717171296,-6.78150448927086e-05,-7.30161259968578e-05,-0.00015016637435840235,-8.62437543026671e-05,0.00013280760380756369
1860,Zakharov Function,3.5488314119993273e-06,45000,45000,0.00095269107614461,3.5488314119993273e-06,0.0003011709837452705,7.673568659604811e-05,-0.0003379524353272935,-0.0002012566344179673,-0.00095269107614461,0.00042448957396892025,-0.0008371227177716191,0.00046612615864698734,0.00048638363337010133,0.00032808977949476425
1861,Zakharov Function,1.912495565985927e-06,45000,45000,0.0004985602764052764,1.912495565985927e-06,-0.0004985602764052764,0.00016443087494233313,0.00045041245042088643,0.00031563055851491575,-0.00015169620119881427,0.0004613878540388695,-3.4174546774155617e-06,-1.7756388517205845e-06,-0.00018648040584622372,-0.0004585141744779011
1862,Zakharov Function,0.0015953054174075376,45000,45000,0.02668453234906122,0.0015953054174075376,0.0026782092622181387,0.012256161545484232,0.0024065462063122744,-0.0014736151969257892,0.004149742033648551,-0.006086472506351015,-0.02668453234906122,0.02419569362556416,-0.00718610301059902,0.004858846256545025
1863,Zakharov Function,0.013633648878511376,45000,45000,0.07540673931095182,0.013633648878511376,0.005773076643217422,0.01274708106189671,0.03174436800469242,0.0016328548115975387,-0.07540673931095182,0.021448618409116278,0.03950096954156958,-0.02926338388122582,-0.03150678566520728,0.02632114866448093
1864,Zakharov Function,0.009593971147716733,45000,45000,0.06402251893624997,0.009593971147716733,0.023452551959251895,-0.06402251893624997,-0.020985853885116944,-0.0082890343465363,-0.009837000010440737,0.010333164253350582,-0.05101405361748855,0.026495199555327816,0.0050503894086413,0.029682837234916465
1865,Zakharov Function,0.0007517708499160997,45000,45000,0.014218906241006413,0.0007517708499160997,0.006077746683605974,0.001194598317813966,-0.001309442360330931,-0.005369314376201376,0.014218906241006413,-0.012053438847328443,-0.003010453475363416,0.005862302071335651,0.012427385038867207,-0.011402813182857258
1866,Zakharov Function,0.16890651809588528,45000,45000,0.2146037536572788,0.16890651809588528,0.006281535013475482,0.010263027642050442,0.09552931989520204,-0.08797608797560758,0.17466351095231847,-0.19902979577868568,0.2146037536572788,-0.16707120980736068,-0.022496914554878344,0.023226341594862795
1867,Zakharov Function,0.007980401785421715,45000,45000,0.05712476528332966,0.007980401785421715,0.05712476528332966,0.03166972643011794,-0.00897227689301349,0.033931450111829756,0.0071559316197829514,-0.027970919012629495,-0.02406635590388976,-0.0029643157991630226,-0.018948705442136837,0.026488588799163944
1868,Zakharov Function,0.00029269047977421083,45000,45000,0.010664705620418932,0.00029269047977421083,-0.006542233224083456,0.010664705620418932,-0.0031073428364448894,0.005310679061756651,-0.0024116928509897253,-0.007191829430854429,-0.00030496658873740284,-0.0013950762322497198,0.005567456808947321,-0.001320009857269525
1869,Zakharov Function,1.3669397685517324,45000,45000,0.9700103314685447,1.3669397685517324,-0.335862923616865,-0.3079419425100276,0.1663256914810909,-0.18308079292460167,0.9700103314685447,0.08875379417733784,0.0862772920540556,-0.09179374965299825,-0.29404651885759137,-0.1047505641285558
1870,Zakharov Function,0.24088098803057262,45000,45000,0.272393917310701,0.24088098803057262,0.1329200545190611,-0.1038944389781091,0.036058399649736825,-0.0727152526582962,0.272393917310701,-0.2060656262033645,0.22975257143047512,-0.036733743377743155,0.03621863229881349,-0.12398738379110319
1871,Zakharov Function,0.0038251912550262414,45000,45000,0.03051396269789798,0.0038251912550262414,0.02762588772413957,0.003154706075397886,0.0027714648211764337,-0.030503442350129334,-0.0015491017948128828,-0.03051396269789798,0.006365494929968405,0.018125342891058504,-0.012213401376070257,0.01490011224172965
1872,Zakharov Function,0.003515734378899155,45000,45000,0.03197109955564039,0.003515734378899155,-0.014733893426762203,0.01852597693214407,0.03197109955564039,-0.010617873136814025,0.014355761792340386,-0.0006492370368397053,-0.010806629164456565,0.004505894608349603,0.007122542842592186,-0.009509894826194208
1873,Zakharov Function,3.3599273657035658e-06,45000,45000,0.0011187856524448577,3.3599273657035658e-06,-0.0003943641097150902,-0.0002665967449758488,-0.0005337949764031445,0.0002441103364465994,0.0011187856524448577,-0.0006041647422489807,0.0002069615434386975,-0.000930098277589963,3.877888442574331e-05,0.0005034355536019859
1874,Zakharov Function,0.1454822433611998,45000,45000,0.21914858567566597,0.1454822433611998,-0.18808616460023364,-0.012091084242056911,-0.061018488650330764,0.03563771400854879,-0.1519378077694497,0.21914858567566597,-0.07727977052613046,0.07714903585741337,0.08967306564305458,-0.11024872659240938
1875,Zakharov Function,0.20001783478879265,45000,45000,0.2518282117528811,0.20001783478879265,0.10565720389930743,-0.13777420144171307,-0.057978692819572464,0.024977615745932207,-0.24132287821117754,0.09896509238384257,-0.2518282117528811,0.12946658366272956,0.11533889609263218,0.04486868655560315
1876,Zakharov Function,0.007723826695634582,45000,45000,0.06557963403235192,0.007723826695634582,0.02205278312211161,-0.015796247529339846,0.010513519804819488,-0.06557963403235192,0.046347480970412996,0.00301082392456299,0.005274068663653316,-0.002393909171102354,-0.013938447948759659,0.007489965477661589
1877,Zakharov Function,3.4604563547409013,45000,45000,1.3109531993422898,3.4604563547409013,0.2869541589594703,0.14573131956754126,-0.39861555179872543,0.29629391811656075,0.9544482235229823,-1.3109531993422898,-0.21544760115293254,0.11302907458893116,-0.23689399434364433,0.45082158035874975
1878,Zakharov Function,0.1308101930431963,45000,45000,0.1803809069798113,0.1308101930431963,-0.0008000551823349172,0.13500587681501866,-0.1803809069798113,-0.015833207521508394,-0.05446004947239229,0.06914918285885183,0.0921019456867179,-0.06085835497199373,-0.09617204245335688,0.12662094957835437
1879,Zakharov Function,8.40823614147407e-05,45000,45000,0.005071308144360522,8.40823614147407e-05,-0.0031179639787219833,0.0039019608673618675,-0.0008726876057989566,-0.005071308144360522,-0.0007163342993066644,0.00026422803081207254,0.0026562965514789084,0.0025953866179876505,-0.000626883806631901,-0.0020859889366779856
1880,Zakharov Function,9.792252893689606e-05,45000,45000,0.006467410901255837,9.792252893689606e-05,0.006467410901255837,0.0009382663104719685,0.0027095327734086728,-0.001823588420695892,0.0011660832985818958,-0.0006328290706091507,0.004828846443417115,-0.003815118088915432,0.0006168603098402964,-0.002087975465311119
1881,Zakharov Function,8.199992025190668e-06,45000,45000,0.0015066089790837023,8.199992025190668e-06,-0.0005817997463695894,0.0007925862367199187,0.0015066089790837023,8.699340953162655e-06,0.0011904632877737297,-0.000773568570183104,-0.0006319259649205591,-0.0009022428115438507,0.0002264167412232977,1.4022791431604967e-05
1882,Zakharov Function,8.101603881347493e-05,45000,45000,0.004657283293086652,8.101603881347493e-05,-0.0006001148876566024,-0.001353645715210858,-0.004327730330738971,-0.004657283293086652,-0.0036785683660552656,-0.001715576321248781,-0.0002920891216498659,0.0007509069169281263,0.0028194557555382563,0.0030149934113521413
1883,Zakharov Function,8.40417503469608e-08,45000,45000,0.00015523763189562406,8.40417503469608e-08,8.716304986183527e-06,2.5419571833784827e-05,-1.473416833922201e-05,-1.6696406699314733e-05,-9.549251469384009e-05,2.03573022328004e-07,-6.966867636977288e-05,0.00015523763189562406,0.00011983222443743858,-0.00010226581348741674
1884,Zakharov Function,2.2379138525564592e-05,45000,45000,0.0023445265894391863,2.2379138525564592e-05,0.0006348153376704059,0.00018658868979068346,0.0005498275744734431,-0.0014986436720621295,-0.0011734114026868505,0.0006855775862835761,-0.0011571664588382051,0.0019176008991099803,0.0023445265894391863,-0.0019699721019084356
1885,Zakharov Function,3.97855482230842e-05,45000,45000,0.0024094979867912486,3.97855482230842e-05,-0.001974312023157274,-0.0022043482119935764,0.00017496536476537938,0.0024094979867912486,0.0003796093810786946,0.001997289041313104,-0.0018965517061917006,-0.002140438291722447,-0.0013387527885406082,0.0019369271153388407
1886,Zakharov Function,0.017003080642927645,45000,45000,0.0721713783208722,0.017003080642927645,-0.05149480715806613,0.04938485593892489,-0.010407281808550481,-0.0721713783208722,-0.033745695724080205,0.042060187713765476,0.010222038551629162,-0.0014645520143464277,0.04789293847879793,-0.03300233173909334
1887,Zakharov Function,5.7213048122808895e-05,45000,45000,0.003936977696082304,5.7213048122808895e-05,-0.0009541535767214684,0.0016643562875784976,0.001597981252402421,0.0017020020130342518,0.0024999380445436883,-0.0026990244063957334,0.003936977696082304,0.0003170844728223247,-0.002195090548147659,-0.0013614529926198396
1888,Zakharov Function,0.0007930209943157587,45000,45000,0.013596789523209672,0.0007930209943157587,-0.0026823690066115234,-0.0015601026474654843,-0.013596789523209672,-0.012551570207854293,0.0019538823082669824,-0.001985818566241918,-0.003345789913904564,-0.004285346576077167,0.0013270742497462212,0.011137056584372897
1889,Zakharov Function,0.00041265859608996097,45000,45000,0.010123059517578642,0.00041265859608996097,0.009428707994123743,0.006348361212794947,0.0007129000653967894,-0.0013650561513876246,0.0031564640738761403,0.003586947212491899,0.0008080303037703378,0.010123059517578642,-0.008897215216389252,-0.0072383677011302085
1890,Zakharov Function,0.00018189341640506264,45000,45000,0.006789200895956282,0.00018189341640506264,0.0002971825488702635,-0.006690136709389059,0.0012216741638451031,-0.005184359519279674,0.00618924829661454,0.004419551428257596,-0.006789200895956282,0.001180573713539094,-7.564378985000335e-05,0.0008180958277917184
1891,Zakharov Function,0.03224420800943591,45000,45000,0.12192139841000074,0.03224420800943591,-0.010637917763497661,0.03862988685533482,-0.08627602428237054,-0.12192139841000074,-0.022719100748590612,0.002214702209504593,0.0638687747887289,-0.01763486453442111,0.025138262880208942,0.033025924456197356
1892,Zakharov Function,1.026290814189521e-05,45000,45000,0.0017672183965290016,1.026290814189521e-05,-0.0012829474464047539,0.00011438209951069927,0.0017336847520752294,7.335174318750647e-05,-0.0017672183965290016,-0.00020731628103798816,0.0008715371136513261,-0.0006960239932535279,0.0007740318201045634,-0.0003242602008120634
1893,Zakharov Function,0.00019115937107385753,45000,45000,0.009366487199853089,0.00019115937107385753,-0.005342001240166669,0.0013541881696990552,0.0012387166359742498,-0.009366487199853089,-0.003061669899221852,-0.0009834304267443412,-0.0024471050518514613,-0.0012507314459929099,0.003082527860497328,0.006183817066779371
1894,Zakharov Function,0.020232240791201055,45000,45000,0.08535700283084383,0.020232240791201055,0.007734121459580905,0.05129484851573382,0.008054318018474383,0.08535700283084383,-0.06509403936679642,-0.046386475172971495,-0.021013058199990026,0.033244804827579265,-0.019252648885587365,0.009777258818432735
1895,Zakharov Function,0.14541298479792572,45000,45000,0.20674808599005162,0.14541298479792572,-0.1848385048372175,-0.07718951497473289,0.06512126145951036,0.018620841109727858,-0.06397020384200795,-0.008717492291062084,0.1712183506734274,0.1551310360871012,-0.20674808599005162,-0.01615404784578975
1896,Zakharov Function,13.500870568393797,45000,45000,1.8922007623628034,13.500870568393797,-0.6885775981347044,0.37796933511412856,0.8620060614471452,1.0479569308967607,0.5521604812673148,-1.1219668158500133,-0.8683113810477414,-1.3748529925936297,1.8922007623628034,-0.048491859139365545
1897,Zakharov Function,0.00035239748108844746,45000,45000,0.00809719222072907,0.00035239748108844746,0.000731647148760858,0.0008870679415364561,0.0011688161812775273,0.00809719222072907,-0.004907675615892741,0.0020585601341641616,-0.007083697681451777,0.004515620936050699,-0.005528924818117363,0.0058912658700914266
1898,Zakharov Function,5.896156814967973e-05,45000,45000,0.004603026428898192,5.896156814967973e-05,-0.002345979416060749,-0.0006058527077900705,0.0030637686558053247,0.004603026428898192,0.00215934972146907,0.0015087189014502855,1.3335227629091527e-05,-0.0026676974805392084,0.000582806438912688,-0.0028388673863501018
1899,Zakharov Function,9.6514328102854e-05,45000,45000,0.006401512304106627,9.6514328102854e-05,-0.0008175794909294173,0.002363342027656243,-0.001848958015357257,-8.009790060606423e-05,-0.00017371470827969786,0.0012476895128250547,-0.004787818334743978,-0.002050966590770804,0.006401512304106627,-0.00041115783707146053
1900,Zakharov Function,7.805130902158549e-05,50000,50000,0.005559842698443668,7.805130902158549e-05,0.002579212687266676,-0.000277295078085431,-0.0032022372162695103,-0.00036489621912783564,-0.0027674552041900423,-0.00012470547401831778,0.0012879503958144738,0.005559842698443668,0.0009164768703135307,-0.004140528493095548
1901,Zakharov Function,0.00027740482233665616,50000,50000,0.009693201809824147,0.00027740482233665616,0.004395143586238024,-0.003627722252583219,-0.009693201809824147,2.0841462210685266e-05,-0.0005069449275723727,-0.005695386763742302,-0.006405117005397955,0.0046229036506790526,0.0053568012375997676,0.0018452741334525772
1902,Zakharov Function,0.0038335157374584593,50000,50000,0.037283248357309715,0.0038335157374584593,-0.0024238566651681214,0.009299163290410934,0.008625135097013147,-0.03652100718280558,-0.010406910844715987,0.012561763664811113,-0.02496980519064497,0.037283248357309715,-0.006922572518355225,0.0016164905127916476
1903,Zakharov Function,0.00014779106506755828,50000,50000,0.008158057306235441,0.00014779106506755828,0.0017975210358266505,0.0016211308118081022,-0.001898298604149615,-0.0035920595047236985,-0.0013453209479505962,-0.001074321746797835,0.002424147285150575,-0.008158057306235441,0.0007620784397767296,0.006365636314604439
1904,Zakharov Function,0.00014759503151537295,50000,50000,0.00575802635299949,0.00014759503151537295,-0.003303870322906407,-0.00139174846457188,0.00011193335294884012,0.004165968789631215,0.00575802635299949,0.004369658951312307,-0.0053246156815059936,0.0017105161984815207,-0.0019894811774549045,-0.0033125626161926323
1905,Zakharov Function,10.032077849347786,50000,50000,1.7236298413423592,10.032077849347786,1.2023497967093444,0.24730189270637762,-0.2901259911002124,1.7216394681431204,-1.1666114837945702,1.7236298413423592,-0.8069212160211345,0.25663270574754904,-0.3699624299701153,-0.4826398837857191
1906,Zakharov Function,4.964118769609968e-05,50000,50000,0.004545629526236675,4.964118769609968e-05,-0.0007425520679580013,-0.001613904036852392,-0.004545629526236675,-0.0034547046079430564,-0.0005663986417197755,-0.0012960327451342775,0.00041240591059338045,0.0005066111704635353,0.0013736237336663595,0.0026065952488988804
1907,Zakharov Function,0.0005150917098690302,50000,50000,0.010582808391788795,0.0005150917098690302,0.010582808391788795,-0.007379802045638147,0.004497977181527583,0.008068950652946733,0.006108308396736309,0.0001420933031505546,0.008626932497658939,-0.003249827846260798,0.0004755922514773378,-0.00984031945391035
1908,Zakharov Function,0.009020998019920304,50000,50000,0.05315412835857866,0.009020998019920304,-0.011619371039587798,0.011982983835717706,-0.014361199231457948,0.010483791682968605,-0.04794984939182992,-0.05315412835857866,0.022737310901827262,-0.02720358309117482,0.029887791183917708,0.03088471144970727
1909,Zakharov Function,8.996693201189318e-05,50000,50000,0.004725914392344361,8.996693201189318e-05,-0.004725914392344361,0.004118549609254202,0.003863846709975532,-0.0020682943035070043,-0.003104819791088268,0.00023941036187974645,0.0024877731821668914,0.0022388746519869974,-0.0016694460594549824,-0.0017400876923774839
1910,Zakharov Function,4.74708413972487,50000,50000,1.003924051371794,4.74708413972487,-0.586724618111718,-0.234579093714389,-0.922970631366115,0.883632593007581,0.08936899637490037,-0.17188231432179268,-0.40619487559888723,0.8117251289791634,-1.003924051371794,0.4960628154317561
1911,Zakharov Function,0.00029339524493963233,50000,50000,0.009913293411414031,0.00029339524493963233,0.006399964509607125,-0.005833623826876981,-0.002499480524372898,-0.009913293411414031,-0.007282676652743229,0.004008790016914626,0.003314069465828906,-0.0023541059261016762,0.002206086689678145,0.0044393793090454214
1912,Zakharov Function,3.6158716573528358e-06,50000,50000,0.001048442906347008,3.6158716573528358e-06,-0.0005117544834325823,0.0007805301723356136,0.00028498515360393244,0.00020562186129614607,-6.513249421198595e-05,0.0010309042134561191,-0.00031095646397894287,-0.001048442906347008,-0.00022532523383548837,0.00030838021614227197
1913,Zakharov Function,0.21291957003608813,50000,50000,0.3176199363869254,0.21291957003608813,0.03093721711041733,0.11313513138483842,-0.3176199363869254,0.17682421036467705,0.1740291489709509,-0.12032055727781868,-0.0509096150658567,0.09273736267064092,-0.0034182584769730656,-0.06752101662987603
1914,Zakharov Function,0.0037273814554886655,50000,50000,0.040153575506635356,0.0037273814554886655,-0.01963102364395608,-0.023478613187788863,0.020210927556101235,-0.040153575506635356,0.015571720845736494,0.0030854253884926193,-0.01140497319553574,0.017340368640393372,0.0008058658844230376,0.0022130223285765603
1915,Zakharov Function,0.0006822707054029315,50000,50000,0.011467245860226766,0.0006822707054029315,0.00022217443025686345,-0.0029942118772224146,0.007122471790481356,-0.007501873428105748,0.011391052132963122,-0.00038826269681362536,-0.006164033046719695,0.007775102956399313,0.0030354388392075694,-0.011467245860226766
1916,Zakharov Function,0.006222938371869394,50000,50000,0.05113266142433514,0.006222938371869394,0.005032597047456504,-0.05113266142433514,-0.00906580554120618,-0.013743478811847402,-0.003617207374476867,-0.017456699743454304,-0.005221319829977963,0.050936199719236616,-0.012088114274845178,0.0010068021348058759
1917,Zakharov Function,5.32146072036461e-05,50000,50000,0.004486299711492904,5.32146072036461e-05,-0.0008253620521250912,-0.0014382968117975354,-0.002385978488644577,-0.0002560499969139758,-0.0006214481355617373,-0.0020861330658533002,0.004486299711492904,0.0010751205253260142,0.0025579107106659983,-0.003393508765433555
1918,Zakharov Function,0.02713374378616757,50000,50000,0.08485892905928741,0.02713374378616757,0.014739567372094045,0.08379629108042755,-0.014982057218643641,0.009677363764295593,0.04466808574852826,0.06121927766389525,-0.08485892905928741,-0.059773854397907916,-0.020626034958927595,0.05070180970055082
1919,Zakharov Function,0.027437540148770215,50000,50000,0.08590687546846555,0.027437540148770215,0.005073057870147807,0.07373032318834533,0.05932844494024783,-0.05238662590617746,0.08590687546846555,-0.02335305721695053,0.010656994619071006,-0.056187088639746946,-0.04366241806491078,0.04165661552578352
1920,Zakharov Function,0.00032799178472748283,50000,50000,0.012882730301503772,0.00032799178472748283,-0.002338116725926988,-0.0005141927669707596,-0.00020576848354942636,-0.0009165552068646308,0.005523494510416553,-0.007035297819206657,-0.012882730301503772,0.005549766618806462,0.004448579979849057,0.003506569497564593
1921,Zakharov Function,9.27449020077627e-05,50000,50000,0.00468014669882585,9.27449020077627e-05,0.00468014669882585,0.0013455636754163385,0.0026140071244135895,0.0016612895503894118,-0.0042171383457143986,0.0037818844084665836,0.0021178032021968063,-0.0019222262934903457,-0.0005660149490435297,-0.0009336578884625909
1922,Zakharov Function,5.381591633548053e-05,50000,50000,0.0044510720692684065,5.381591633548053e-05,-0.0010922856326209336,-3.535166527774851e-05,0.0008205353110241277,-0.0015012254837673562,0.003707128307807707,-0.0044510720692684065,7.64679203958949e-05,0.0005810521762852905,-0.0009986184193353682,0.0009210882136221069
1923,Zakharov Function,0.05578790925509022,50000,50000,0.134609003175307,0.05578790925509022,-0.04714730393115322,0.134609003175307,0.016817770767704965,-0.025925663760736774,-0.010639471446312429,-0.008989370119270023,0.025098801919237745,0.10546505445228983,-0.05271102999088892,-0.08319391367566119
1924,Zakharov Function,5.645126706164194e-05,50000,50000,0.0033154359597030803,5.645126706164194e-05,0.0032680616151199325,0.0028555647191476335,0.0033154359597030803,0.00176415495114959,-0.0007041906111328376,-4.480995039321154e-05,-0.002446991980314217,0.0008892398744854897,-0.0017335764287128921,-0.00038098468059270113
1925,Zakharov Function,0.0026339277498508575,50000,50000,0.022100577990330106,0.0026339277498508575,-0.022100577990330106,-0.01780422581380394,-0.004474849431975594,-0.0003586901605151134,0.013294916378632893,0.018179151472205612,0.019502828972239237,-0.021984108437327544,-0.0003650643892143188,-0.001869470530966557
1926,Zakharov Function,8.76865716289277e-05,50000,50000,0.0033197617240554164,8.76865716289277e-05,0.001808634344000058,-0.0031354006816812345,-0.0023866472264810553,0.00285800657353769,0.0005752618547823418,-0.0014702723443086522,0.0033197617240554164,-2.646529444725286e-05,-0.0005509523835083474,0.00017596347427447073
1927,Zakharov Function,0.09681213377865587,50000,50000,0.15285654940524726,0.09681213377865587,0.03360690070909393,0.15285654940524726,-0.051652561923898124,0.028108690506834573,-0.040870224086895446,-0.06662752969480071,0.07059875875588342,-0.003003592498863933,0.0012803628855066348,0.029037535665104253
1928,Zakharov Function,9.554357236382374e-06,50000,50000,0.001307429788367209,9.554357236382374e-06,0.00019189636933224024,-0.00042704211781487427,0.0005215509383131836,0.00029277151031278947,-0.001307429788367209,-0.00028206307367268355,0.0003045678051797238,0.0004701609619216222,-0.00045194854498415907,0.0009159894529144907
1929,Zakharov Function,6.840639563747425e-07,50000,50000,0.00046360694326113384,6.840639563747425e-07,-0.00011883077322061275,-0.00017834731760370395,0.00011636175770001671,0.0003884289731223446,4.846921430542517e-06,-0.00040839505558698075,0.00046360694326113384,-0.00023461210743253139,-0.00015966589404607559,9.833174255949873e-05
1930,Zakharov Function,7.068423051224222e-05,50000,50000,0.004466251214890913,7.068423051224222e-05,-0.004466251214890913,0.0024367150226192644,-0.0018379817105400318,-0.0012465304248337854,0.0012924522928257226,0.00043744860274575305,-0.0019985424540412463,0.003275185200936852,-0.00338671065904013,0.0012902940005127886
1931,Zakharov Function,8.478167312396804e-07,50000,50000,0.0005322225740044327,8.478167312396804e-07,-0.0003177276675689275,0.00029872901363321106,-0.0001902967816398813,0.0004067718225125366,-0.00018353494975384941,0.0005322225740044327,-2.058145085064207e-05,-0.00021192290380170039,-0.0002677461597800916,8.767092392071557e-05
1932,Zakharov Function,0.00018817615496284908,50000,50000,0.008414172763127243,0.00018817615496284908,0.0004064786851253983,-0.008414172763127243,-0.005621857044713827,0.004106755894483392,0.003053262608937948,-0.0013004387462116369,0.004360246959772189,-0.0019221638574423352,0.002640547961398459,-0.0037076374451574644
1933,Zakharov Function,0.0017021592290080024,50000,50000,0.017815132394868753,0.0017021592290080024,-0.004284660697022158,-0.011460434341132834,-0.01753741609593479,0.01739884462070334,0.009418480159588915,-0.009014115068324013,-0.001084103323227623,0.0086833377593722,-0.017815132394868753,0.008024581448333897
1934,Zakharov Function,0.0026092392966879357,50000,50000,0.02903831286257428,0.0026092392966879357,0.02903831286257428,0.018744820230698983,-0.00807314698355272,-0.0185604282999234,0.009409291056305447,0.0190054231609193,-0.014368856248334965,0.014423308937485434,-0.003015429830706665,-0.011363663362403083
1935,Zakharov Function,0.00012686020957596708,50000,50000,0.007604383957698312,0.00012686020957596708,-0.007604383957698312,0.0008831088191750686,-0.0026334905763817063,0.0015931809550746544,-0.001369864589050467,0.00544411769955807,0.00014186081867994084,0.0016411516264068179,4.136871114948648e-05,-0.002430913773267339
1936,Zakharov Function,8.012812152071371e-05,50000,50000,0.006783385626044889,8.012812152071371e-05,-0.006783385626044889,-0.0010303432641590796,0.004470193690027973,0.001966956887172925,0.0017479912874122806,3.893804622247775e-06,5.111041830853716e-05,-0.001927734421881767,0.0006810014806039846,-0.0010381145825772687
1937,Zakharov Function,0.009817311302357228,50000,50000,0.049539246800373256,0.009817311302357228,-0.048117420387416274,0.049539246800373256,-0.0030912697560852645,-0.03759314017892296,0.038733776025084626,0.03039676720312058,-0.0025044276788239415,-0.010484193579799753,-0.014461528650816364,0.0023164317637936645
1938,Zakharov Function,0.00012948972510274062,50000,50000,0.007568245389825369,0.00012948972510274062,0.0024824314367689095,0.007568245389825369,0.0003535299182090443,-0.0025073596412786103,-0.00288750459756822,-0.001831713830179403,0.00029724205740214887,-0.0018941828655457777,0.005683259488342524,-0.0025888527386884125
1939,Zakharov Function,0.060714786650713067,50000,50000,0.12309823962301703,0.060714786650713067,0.008805587448389624,0.09573807713936106,-0.06632240979846374,0.04253986038714169,0.12309823962301703,0.09869451132618762,-0.077838984825801,0.05768669987430891,-0.08677686515994998,-0.05539435334500446
1940,Zakharov Function,0.07764950224634051,50000,50000,0.14320217377633684,0.07764950224634051,-0.05547924858681642,-0.006744785143954823,0.07946995083901731,-0.004833487742691989,-0.11241304735330415,0.08062003545709873,-0.04356853508317532,0.002370471961795434,-0.14320217377633684,0.13089911511735924
1941,Zakharov Function,3.4771910493876966e-07,50000,50000,0.00043359260649211776,3.4771910493876966e-07,0.00043359260649211776,0.00017242162648002792,-0.00023047722985521373,0.00012378966412706868,1.67333254431038e-05,2.1287525010479625e-05,4.910356350401032e-05,-0.00010079104899587103,9.204612607797324e-05,-0.0001436093046715444
1942,Zakharov Function,0.00490129033154692,50000,50000,0.046730407749303246,0.00490129033154692,-0.046730407749303246,0.024308361525466095,-0.01729481970128699,-0.005660537175327454,0.010306658323495147,0.03723268915935925,-0.007785529564048793,-0.004637278916110297,-0.005863685673866191,-0.0031336515460271804
1943,Zakharov Function,0.0002562724799852785,50000,50000,0.011368727173722488,0.0002562724799852785,0.0029527254112084217,0.0004061037496901512,-0.0032657583009014605,-0.0024580670469223965,-0.0055632820765868195,0.011368727173722488,0.005949475950562014,0.0014452837864253852,-0.0034122233206944643,-0.0044639952476653085
1944,Zakharov Function,0.061923017326784145,50000,50000,0.14165291840353306,0.061923017326784145,0.07877833894278596,-0.110673047149523,-0.14165291840353306,0.039655089568289725,-0.0580302836914143,0.04873909410576985,-0.011770131226970309,0.03950803252239841,0.03720561267554291,0.006435986333485501
1945,Zakharov Function,9.71255547312094e-07,50000,50000,0.00042438413771502003,9.71255547312094e-07,0.0003378977526865034,-3.099959948273467e-05,-1.2135639049128805e-06,0.0003249909513155576,-0.00013532059837727462,1.5130183488712342e-05,-0.0002778506745667549,-0.0002687964870804287,-0.0002551620858186221,0.00042438413771502003
1946,Zakharov Function,0.12536360888598252,50000,50000,0.14539306820293524,0.12536360888598252,-0.14539306820293524,-0.019278355801842617,0.1413259569219178,0.10350299545766084,-0.07838468519930772,0.11761290549111528,-0.05213990568622259,-0.14022953319684084,0.1420792145409008,-0.08700043051769404
1947,Zakharov Function,0.0544364619953939,50000,50000,0.15104926000746527,0.0544364619953939,0.04989167109321711,-0.0007954009301189002,0.013501028698030663,-0.08447854459144546,-0.032585558801293185,0.12633753705019823,-0.15104926000746527,0.026252928087725655,0.05830570175349231,0.002916137767437696
1948,Zakharov Function,8.762584116846485e-07,50000,50000,0.0006538692510760467,8.762584116846485e-07,-0.00022378017401698688,0.0002646487045210357,0.0002852553747081097,-0.00014049302640418732,-0.0006538692510760467,0.0002530775428834972,0.00015908634660239057,-0.00018063797629665136,6.644833868589683e-05,2.511410456900354e-05
1949,Zakharov Function,4.179449353966357e-06,50000,50000,0.0011933298371024136,4.179449353966357e-06,-0.000129136303877019,0.0011755144329391792,0.00015491671979547253,4.206829907726952e-05,0.0001788771195657396,0.0001915824323968651,-7.644845066946703e-05,0.0006398806903995017,6.831878173160929e-05,-0.0011933298371024136
1950,Zakharov Function,5.318014223430584e-05,50000,50000,0.004104842104002091,5.318014223430584e-05,0.0038298061199350804,-0.0012406259473410537,0.0016803416715972562,-0.0017382907574043024,-0.0009571275748867757,-0.0008154261548138892,0.0007608666422659191,0.004104842104002091,-0.0006007948549330349,-0.0026795104692271584
1951,Zakharov Function,0.001414509571062671,50000,50000,0.023691144502074015,0.001414509571062671,-0.005833754788269668,0.009882007239122637,-0.0039771721074397205,-0.00026579055664165477,0.00045356706928379245,0.01540586015885656,-0.023691144502074015,0.008468405332719729,0.00024105417791718368,-0.0038764623315766713
1952,Zakharov Function,0.0007493079799091013,50000,50000,0.013530415314760395,0.0007493079799091013,0.0089120797973193,-0.009659250180157175,-0.013530415314760395,0.003978625492556525,0.001201200079890788,0.001287336441083687,-0.0013328200275696915,0.010092424260135156,0.008080174976769373,-0.01027763246091216
1953,Zakharov Function,3.399189776811266,50000,50000,1.1548547093523371,3.399189776811266,0.20522409607929865,0.0745051154298747,-1.1548547093523371,-0.08763536402726493,0.15777643646415146,0.250285659639947,1.1531376822210535,-0.31488305101692127,-0.07709276570722451,-0.2557428634817233
1954,Zakharov Function,1.1934808167387807e-07,50000,50000,0.00017556789418236274,1.1934808167387807e-07,2.2102158494225637e-05,-4.534401270501726e-05,6.75726897635975e-05,6.211925220677977e-06,0.00017556789418236274,0.00013830580906496132,6.29369673958669e-05,-2.1361698164385504e-05,-1.6174702032807184e-05,-0.00016405942276240186
1955,Zakharov Function,0.012814729496198168,50000,50000,0.0600135746282309,0.012814729496198168,-0.048784272866776585,-0.058031202552108224,-0.015311748443490276,0.015440178276637788,0.020606317233037963,-0.0600135746282309,0.023704449397754762,0.02705326715885452,0.021886765950853287,-0.021074015935848376
1956,Zakharov Function,0.0006332278192793431,50000,50000,0.011096075479065767,0.0006332278192793431,-0.009294422455559097,0.011096075479065767,-0.002667935632865036,-0.009609037627187463,-0.0030139655372704403,-0.00045737654142704275,-0.0009727702102510577,-0.009550184225572543,0.008103928894657931,0.0037723945455454834
1957,Zakharov Function,7.62338051457138e-06,50000,50000,0.0016301943796298997,7.62338051457138e-06,-0.0016301943796298997,-0.0007945035596720559,-0.0006948296419219054,-0.0009399325253523052,0.0002685546434328507,-0.0010556073579961885,0.0012806223535945938,0.00022391064230163472,3.860834445373841e-05,0.00029964649911037
1958,Zakharov Function,7.625859832556317e-06,50000,50000,0.0016590835949500343,7.625859832556317e-06,-0.0005214893873386891,-0.000267590092171696,-0.00048257278928126173,0.00012625149745149901,-0.0008242073167672032,0.0006011831524767551,0.0003683957705976745,0.0016590835949500343,-0.0014890944080898812,-0.0001785791064114041
1959,Zakharov Function,2.39606478583309e-05,50000,50000,0.0029121803096168854,2.39606478583309e-05,-0.0010902458735754762,-0.002557401124494,0.00019100585169771426,0.0010486275101156796,0.0009338424131560812,-0.0009482137201014536,0.00010461551650635262,-0.00029077887651939634,0.0029121803096168854,-0.002162912438408054
1960,Zakharov Function,1.4699141681721867e-05,50000,50000,0.0019536991255107556,1.4699141681721867e-05,0.0003333455175829473,-0.0002993211121422812,-0.0019536991255107556,-0.0018200001331077787,0.0018172741713099198,4.6651867193596376e-05,0.0009443842904820635,-0.0010565513778644686,0.0009642281227967869,-0.00046995530248936806
1961,Zakharov Function,1.9856544682651655e-07,50000,50000,0.0002112123129292658,1.9856544682651655e-07,-0.0001731894646581635,0.0002112123129292658,-6.587791327859158e-05,2.3916118681052825e-05,2.613362907411233e-05,-5.1990136978443205e-06,0.00012495504610593808,5.972535584447474e-05,-0.00017219545933006887,-5.645198639902437e-05
1962,Zakharov Function,0.00022559407790135415,50000,50000,0.009616012740476527,0.00022559407790135415,0.0026220343692207318,-0.009616012740476527,-0.0012067374228382124,-0.004047660141359004,-0.005988240717405817,-0.002189109719934775,0.0014591865590835307,0.005781272768274552,0.0051250144910074714,-0.0020434801654739907
1963,Zakharov Function,1.383817667962749e-06,50000,50000,0.0006988613930003196,1.383817667962749e-06,-0.0005064722436106831,0.0005733467268037716,-0.00021027844465690038,-0.00021491502086290877,0.0006988613930003196,-0.00012535978489615652,-0.0001969059873085995,7.245095332244822e-05,-0.00023008360644905597,3.263849446809614e-05
1964,Zakharov Function,0.00021536369203836966,50000,50000,0.007011900087109786,0.00021536369203836966,0.002693256336530612,0.004808120501340631,-0.0032407479474084767,0.004819090022262859,-0.007011900087109786,-0.0026940449274766194,-0.00673744272048717,-0.0009643385694945014,0.0037597717362463385,0.0042271758711709805
1965,Zakharov Function,0.00015950316744246372,50000,50000,0.006680003036353186,0.00015950316744246372,-0.0013261926428674888,-0.0015951818212079655,-0.006680003036353186,-0.0015157131247901482,0.0036771357859302608,0.0031451468556080078,0.0030713709334225948,0.001837701804969406,0.0005193984639795327,-0.0031807465225379525
1966,Zakharov Function,0.0004975347647985172,50000,50000,0.009498414711316787,0.0004975347647985172,0.003516388321954866,-0.002195177414169555,0.0030250759617859915,0.004818707240115062,0.005105781383897185,0.009340775955848594,-0.004249665756288656,0.008301499939387435,-0.0029251009911789843,-0.009498414711316787
1967,Zakharov Function,0.006857522467706047,50000,50000,0.051503392413703,0.006857522467706047,0.006176925959959875,0.051503392413703,-0.008758675830967184,-0.010205995869825304,0.021940991046869425,-0.01988575813528446,-0.035095832930330674,-0.001996700880360698,0.04094448286954837,-0.012770059154621548
1968,Zakharov Function,8.951413900341849e-05,50000,50000,0.004709026705713108,8.951413900341849e-05,-0.004118429527886065,-0.0012524125020101375,-0.00365742947643143,-0.0009480736560794972,0.004212649892586019,-0.0003127535131756522,-0.0008178450575397167,-0.004709026705713108,0.003413171193711437,0.0011371009063640908
1969,Zakharov Function,0.0001311378746663307,50000,50000,0.0062193591087539805,0.0001311378746663307,-0.006025114517402333,0.0005102670066872387,-0.003777419072414235,0.0037424402929117227,0.0062193591087539805,-0.002771033521781205,-0.0016683110071875594,2.177766363559196e-05,-0.0005797132406127016,0.001149210860084114
1970,Zakharov Function,0.07798744226054179,50000,50000,0.13862853049208057,0.07798744226054179,-0.04664385277989601,-0.13862853049208057,-0.022117411726533805,0.08686241727929739,-0.12624717258199633,0.07860954105212611,0.10637019751999455,-0.10599168316943536,0.0001664230216929588,0.018527795544229654
1971,Zakharov Function,0.0004556840587628995,50000,50000,0.015926833768348928,0.0004556840587628995,0.008617445313478505,0.015926833768348928,-0.00237605973114586,0.0006385882481406632,-0.005271067304695664,0.003461184491297682,0.006884833209703107,-0.0036677009912545544,-0.002018799611308216,-0.0035269598525161927
1972,Zakharov Function,0.0042282421501670395,50000,50000,0.03840275430735965,0.0042282421501670395,-0.008083558561369941,0.03840275430735965,-0.005008393725992325,0.020679845506613562,0.0037839855277872394,-0.005191838745656759,-0.024139090771786324,0.029384731770364755,-0.022233191194701865,0.004060529150050408
1973,Zakharov Function,0.00014134357980783235,50000,50000,0.007675279713555241,0.00014134357980783235,0.006455589190406516,-0.001994564002999903,-0.007675279713555241,-0.00020204462037147833,0.0012637684290944832,0.0015114553487765299,-0.004429323572972539,0.002669910680410661,0.0005687955124383541,0.001436612165807932
1974,Zakharov Function,1.297012726574358e-05,50000,50000,0.002406287640646954,1.297012726574358e-05,-0.0005604625467714985,-0.002406287640646954,-0.00013361067120746845,-0.0007254361286178775,-0.0008950862482612811,0.0018977468329993861,0.0010362787642649444,0.0003565805617615684,-0.0006302849855739209,-0.0003551787120963126
1975,Zakharov Function,0.0003165029502451358,50000,50000,0.010060297909210585,0.0003165029502451358,-0.001821863855584702,-0.004274648329187549,0.004561932636326094,0.0003294555209658861,0.005417438000460668,-0.004657683147647612,0.0021793905953870736,-0.0015618531776869463,0.010060297909210585,-0.008374915042229546
1976,Zakharov Function,2.4006912294091084e-05,50000,50000,0.002618879129908271,2.4006912294091084e-05,0.00032477704481025083,0.00033760309491115805,-0.002464816596446778,5.220888562740431e-05,0.00019204105110421645,0.0014051218649410117,-7.517282179767438e-05,0.002618879129908271,-0.0022547733017721293,5.3432266361792173e-05
1977,Zakharov Function,6.746011421726799e-05,50000,50000,0.004889749080553595,6.746011421726799e-05,-0.0018270866332504845,0.0008845712728015138,0.000779709429263897,-0.004889749080553595,-0.0018159669810906966,-0.0009258286570904741,0.00483165185352692,-0.0026818699247976277,0.0015387580136586752,0.0003116720213693952
1978,Zakharov Function,7.762496571764417e-08,50000,50000,0.0001470274764287189,7.762496571764417e-08,-4.588356834027391e-05,2.8953251236276363e-05,-9.131720299284215e-05,6.509379142221912e-05,0.00012977814082995996,-0.00010251375979748744,8.29888695180699e-06,7.161782853158115e-05,8.183267639303869e-05,-0.0001470274764287189
1979,Zakharov Function,4.1388595174833636e-05,50000,50000,0.0026446430464991,4.1388595174833636e-05,-0.0013554341894076592,0.0025745911918082657,-0.0015756445634866581,-0.000545160357625302,0.0017205060934873178,9.846967580176232e-06,-0.0015743555986551176,-0.00041707543889822884,0.0026446430464991,-0.000672606510479542
1980,Zakharov Function,0.00014008482497453344,50000,50000,0.006497160916861689,0.00014008482497453344,-0.006497160916861689,-0.001337188923004799,0.004026696500444134,-0.005628811119214141,-0.0026624946836665457,0.0016865274535361888,3.656333802761857e-05,0.004864794467941436,0.0014058055991339564,-0.003207380818675363
1981,Zakharov Function,0.003811749235628837,50000,50000,0.031681303017179904,0.003811749235628837,-0.005555109739847765,-0.01408963476441897,0.031681303017179904,-0.02953052021370898,-0.031219463574546108,-0.007432929248666328,0.012652875112663262,-0.005830149303372029,0.011787370624443086,0.013491873686042582
1982,Zakharov Function,3.0440848789902228e-05,50000,50000,0.0036006363750688344,3.0440848789902228e-05,-0.0020677454346243627,0.0005898758537456151,-0.0027848309167336745,0.0036006363750688344,0.0003234142419806389,0.00026861992519390656,8.075499666837884e-05,0.0010564352923671488,3.718427872016175e-05,-0.001533635831233661
1983,Zakharov Function,8.647359046035554e-08,50000,50000,0.00016235193357079817,8.647359046035554e-08,-3.6227842120418866e-05,-3.4358036756702044e-05,6.727666768647211e-05,0.00016235193357079817,1.3601303877749407e-05,6.242776022244739e-05,-6.725989904491317e-05,-0.00011678399476740834,1.3074005220919434e-05,-2.482249497907202e-05
1984,Zakharov Function,0.00019553607489904753,50000,50000,0.010866038858976244,0.00019553607489904753,-0.0018995156055652547,0.000703980997805912,-0.0005936733961100055,-0.010866038858976244,-0.0010993697350292905,0.0019063174476428705,0.001621571794087714,-0.0052390318841315075,0.0021404724062110995,0.005481400697525174
1985,Zakharov Function,5.419149259007193e-07,50000,50000,0.00037283357568632645,5.419149259007193e-07,-0.00021363909992741742,-0.00015148159479921853,9.398953315276172e-05,-0.00037283357568632645,0.0002280559377925449,0.000151808249730714,4.346947411230321e-05,0.0001848236168129687,7.478328673926106e-05,-0.0003393150710299525
1986,Zakharov Function,0.00012790798931548462,50000,50000,0.0058784306568866705,0.00012790798931548462,0.0012423252124861492,-0.00417119994165124,-0.0058784306568866705,0.005419169925138937,0.0025544555603961745,0.0007504122754388766,0.004439336833798586,-0.002264770018996251,5.7140604075855105e-05,-0.002192294101915026
1987,Zakharov Function,0.12502188548965676,50000,50000,0.2305023117349593,0.12502188548965676,0.02915372827419383,0.10212016010273493,-0.07343895684821522,-0.15732082168117517,0.06019147722875881,-0.03831388200584784,-0.07793593813458417,0.2305023117349593,-0.0901650827567489,0.02619201648691194
1988,Zakharov Function,0.22918471590099027,50000,50000,0.3101440116922968,0.22918471590099027,-0.14757088892179338,0.10799887639194754,0.04802696958688414,0.1284873293565868,0.08282386907712007,0.26940239027319834,-0.02596577336835329,0.017859086019190284,-0.3101440116922968,0.0038956936258038033
1989,Zakharov Function,0.0005138122849063896,50000,50000,0.010301367904035977,0.0005138122849063896,-0.0013455971942177864,-0.0032336490375102366,-0.004459853370374991,0.006883574241371301,-0.007218688257596022,-0.0064807279134212695,0.002167993967336541,0.004138689144159739,-0.006262173490349828,0.010301367904035977
1990,Zakharov Function,0.00026108860987548744,50000,50000,0.01363227096418161,0.00026108860987548744,-0.003849488717508668,0.0018138343273393582,-0.00021140114001521465,-0.01363227096418161,0.0010020019518822568,0.0017124464051923363,-0.003036700855906047,0.004714292835587646,-0.0018694186401941957,0.004199519343782026
1991,Zakharov Function,0.0002838007441455061,50000,50000,0.010265940428842601,0.0002838007441455061,-0.004397057022081168,-0.0018134691811087025,-0.010265940428842601,0.006762815854198162,-0.0034440168615841853,0.002399770929268943,0.006323242517618576,0.002033360258673898,0.002030523479924276,-0.00659237187313241
1992,Zakharov Function,6.165657716356306e-05,50000,50000,0.004301155359232006,6.165657716356306e-05,-0.004301155359232006,-0.001986713174444342,-0.00028949879769847803,-0.003107171746806937,-0.0029346474261521408,0.0026605383195621515,-0.0006059492600080439,-0.0007189520719780781,0.0035706469037120646,-0.00024507607400667546
1993,Zakharov Function,0.0003442678566295322,50000,50000,0.010125954863261077,0.0003442678566295322,0.0004496816804087805,-0.00890938498317242,0.0038178748610830085,0.004501434053771876,0.0016937211329886193,-0.010125954863261077,0.009479970529084999,-0.002863241068607766,-0.0029567758683099916,0.002935915807731067
1994,Zakharov Function,0.15637429716454287,50000,50000,0.23678882433101578,0.15637429716454287,-0.03413561909980537,0.009857216379593421,0.04451017752949789,-0.14923271430903082,-0.12496624957718805,-0.07551857397896197,-0.23678882433101578,0.039816951745244335,0.20067048249358496,0.10178187351267239
1995,Zakharov Function,0.11042283751551936,50000,50000,0.18131797016868986,0.11042283751551936,-0.004612671844138952,0.005990221134605497,-0.039796451802805353,-0.12637400894102138,0.18131797016868986,-0.12762265904186582,0.16860785235575132,-0.11079500775264137,0.04315285486115289,-0.014677517688631778
1996,Zakharov Function,2.414862148069225e-05,50000,50000,0.0036341454172837805,2.414862148069225e-05,-0.0011132734974607194,-0.0016976093530311825,0.0036341454172837805,0.0006699204433217813,-0.00013543337869743985,0.001080277585129746,0.00019402470914781566,-0.00013911657660327674,0.0007435439635430801,-0.0020939734459469008
1997,Zakharov Function,0.31354135402739225,50000,50000,0.4681238735378117,0.31354135402739225,-0.09931150434418795,0.018336443324260543,-0.02379863624450551,-0.4681238735378117,0.06672343964787159,0.21791824763367307,0.06903602321156087,-0.10879748175210846,0.1100709592776289,-0.013238947779042066
1998,Zakharov Function,0.0025007682422711354,50000,50000,0.02375004939163275,0.0025007682422711354,-0.018720057624031068,0.0028830777479667193,-0.001096915306367446,0.012740628317081674,0.00490468395104489,-0.02375004939163275,-0.018379799867018598,0.01238414319218412,-0.000877811908731669,0.006212461704574896
1999,Zakharov Function,4.117247650707172e-09,50000,50000,3.681353737643424e-05,4.117247650707172e-09,2.405639589243327e-05,2.444763040924525e-05,3.034223532482141e-08,1.5454933089272296e-05,-6.610849399505043e-06,7.1750716655266065e-06,-1.7624539131297422e-05,-5.734877209768466e-06,3.681353737643424e-05,-2.9805669851763775e-05
2000,Zakharov Function,0.0019695271460588343,60000,60000,0.026411714801527215,0.0019695271460588343,-0.005859725004635979,0.023469855714800134,0.006061476761735834,-0.014999346705559378,-0.002500820351929357,-0.026411714801527215,0.019097136964248432,0.0017409243322122868,-0.00024203854941449478,0.0038331202523378665
2001,Zakharov Function,5.35527588645954e-07,60000,60000,0.0004717575398176001,5.35527588645954e-07,0.0002881508947485495,0.0001688039831293698,9.901440408972763e-05,0.0002897705288906012,-0.0004717575398176001,2.9538318226552274e-06,5.8361921567610085e-05,2.2471395730883418e-05,0.00019794752802050912,-0.0001740324699673029
2002,Zakharov Function,2.01632702961836e-08,60000,60000,7.064432071089913e-05,2.01632702961836e-08,-4.3603582163661945e-05,-3.9175164990023404e-05,-7.064432071089913e-05,-4.650389158719014e-05,4.950250213199406e-05,5.0511802753621095e-05,-2.5514540034210635e-05,1.7039935510778508e-05,4.268718034725957e-05,-3.1556481675252345e-05
2003,Zakharov Function,0.0031725506387046956,60000,60000,0.02819546566038595,0.0031725506387046956,0.004216958506429093,0.0242925911729023,-0.0031641322927689237,-0.02819546566038595,-0.014470855845511374,0.012122692637903568,0.0007412653283105563,0.022150311880085476,0.011461076757680475,-0.024376335863225514
2004,Zakharov Function,2.222696734565611e-06,60000,60000,0.0008054567058767308,2.222696734565611e-06,-0.00035816115631312094,-0.00014154898754816433,0.00061172618391447,-0.0008054567058767308,0.00021821520942145312,-0.0005602726321858823,0.0005186002013928153,0.0004903115705061198,4.0042905345657886e-05,-0.0003022801776997729
2005,Zakharov Function,6.099535326894321e-07,60000,60000,0.0004076213053060183,6.099535326894321e-07,0.00016071464250859253,-0.00031934788891187465,-0.00031282817517249963,0.00018586011230868344,-0.00010145504523399068,0.0001539776710827539,0.00022631637291196043,-0.0004076213053060183,-0.00011553259447409365,0.00028488885415963784
2006,Zakharov Function,0.04012233129812372,60000,60000,0.1320449869717686,0.04012233129812372,-0.021501960630644926,0.09168060259736707,-0.014123625350588663,0.1320449869717686,0.03866237586854262,0.05188669996534742,-0.047982485461753,-0.024745935403340025,0.017926346632191427,-0.07132078814917715
2007,Zakharov Function,4.588978766926788e-07,60000,60000,0.00043362465391108296,4.588978766926788e-07,-0.00026909806495293854,0.00024538589658462386,4.719832434090676e-05,-0.00014294070841814374,0.00018278260565926513,9.520242280180053e-06,7.688360557381337e-05,2.3382464336574495e-05,-0.00043362465391108296,0.00020477435784046853
2008,Zakharov Function,1.1305879730431126e-06,60000,60000,0.0005585681667507882,1.1305879730431126e-06,-0.00022140365256489265,0.00021546252877130528,-8.898326260787005e-05,-0.00033189163683785996,0.00013965223923777367,0.00043318794022424994,-0.0002786855550396512,8.410865813309316e-05,0.0004901016261221462,-0.0005585681667507882
2009,Zakharov Function,8.963905600117782e-08,60000,60000,0.00017762222488603577,8.963905600117782e-08,-4.3002665982721e-06,4.77697245553808e-05,-1.1301283464095477e-05,-0.00015683194237993948,-7.300620697082355e-05,-1.132151201118825e-05,-9.433882603443653e-05,-2.2170657691934737e-05,-2.0756355623262042e-05,0.00017762222488603577
2010,Zakharov Function,8.541232928325844e-07,60000,60000,0.0005812391013076,8.541232928325844e-07,0.00048349299572693826,-9.659816483880297e-05,0.00015379317937749593,-0.0005812391013076,-1.9148547044151054e-05,-8.169793436472506e-05,-0.0001037646688761358,0.00023403398018889254,0.00011792728274677541,-8.380539908914476e-05
2011,Zakharov Function,0.00574460341130457,60000,60000,0.036120214022759556,0.00574460341130457,0.001792273095789537,0.01784872438079094,0.022788952943480337,-0.036120214022759556,0.008353892522069153,-0.014205116392184941,-0.016554474755300405,-0.025488897074201426,0.029291068730137176,0.020527734889578604
2012,Zakharov Function,4.968414875511769e-07,60000,60000,0.000359961801424473,4.968414875511769e-07,-9.627073679749473e-05,-0.0002466911587062496,-0.0003222939218476341,0.00011395072360627405,0.000328639125806255,4.6713787403409386e-05,0.00018921632292150152,-0.000359961801424473,5.157765110766076e-07,0.00010349475073017969
2013,Zakharov Function,1.7926433663496924e-06,60000,60000,0.0006007932423665861,1.7926433663496924e-06,-0.0003265205420869867,-0.00016387496223895632,-0.0005351925058649919,0.0003308207363723098,-0.0002812935678845009,0.00015471303495493262,-0.0006007932423665861,-0.00023234108739279304,0.00040040517781146244,0.00024246099374692156
2014,Zakharov Function,0.00016763672535597047,60000,60000,0.005925084365656334,0.00016763672535597047,-0.001312974073134729,0.0020982326920487467,0.0008034244783304764,0.004872047432559754,0.004645738529355549,-0.005925084365656334,-0.0015576084652404558,-0.00426814848508499,1.7063761021682625e-05,0.004500999525494976
2015,Zakharov Function,0.010008948526015759,60000,60000,0.061014339718455074,0.010008948526015759,0.017268438981844634,-0.044570426777420916,-0.019020059686825016,0.02840014188601668,0.027642017541448415,-0.018518772075392792,0.00448467388897841,0.061014339718455074,-0.025510612009658096,-0.02637627379654247
2016,Zakharov Function,3.0403094420682608e-06,60000,60000,0.0009164444242293068,3.0403094420682608e-06,0.0007728344657882344,0.0006611812218201437,7.610588828208843e-05,0.00046080085825737525,-0.0003143800495052383,0.0009164444242293068,-0.0007420114907611612,-0.0002028292104081743,-0.000398682571123875,0.00026476562620234077
2017,Zakharov Function,1.5072590996992078e-05,60000,60000,0.00205799133270666,1.5072590996992078e-05,-0.001360539925648115,-0.0002809732646006662,0.00019043623426636704,-0.0002588939590777111,0.00205799133270666,-0.001430329018371912,0.0018565861678846666,-0.0005287362988992163,-0.0001227247916945149,-0.00035840257015407994
2018,Zakharov Function,6.032170293911517e-07,60000,60000,0.00041676301913984315,6.032170293911517e-07,0.00031146623164424723,-0.00041676301913984315,0.00037037485345417054,0.0001992462506882099,-0.00021712598917204276,5.076113296556682e-05,0.00024077347137090954,-6.0658747297584844e-05,-4.4455959704537784e-05,-0.00016503973652977095
2019,Zakharov Function,3.134964899095275e-08,60000,60000,0.00010072614838613778,3.134964899095275e-08,-1.18317995557186e-05,-8.982978159216134e-06,-7.58585485231033e-05,-1.103544106355614e-05,-1.7986413922985667e-05,3.958385532927322e-05,3.63863517411403e-05,-6.489755562087216e-05,-4.9329141671539925e-05,0.00010072614838613778
2020,Zakharov Function,8.861903749462644e-05,60000,60000,0.005939824775709079,8.861903749462644e-05,-0.002228124652691622,-0.005939824775709079,-0.0015351072190405196,0.004663890612352051,0.0016765564248879092,0.0038024157366544865,-0.0017745443008319918,-0.0013682274471400772,0.0005460331133102982,-0.0012901730249982376
2021,Zakharov Function,5.986671915677691e-06,60000,60000,0.0015813756726605584,5.986671915677691e-06,0.00012607579565550151,0.0006982541316332533,-0.0005888768704039498,0.0008487364776754701,0.00014296391115057488,-0.0007563350700620244,1.1684371698297364e-05,0.0015813756726605584,-0.0007340840467731503,-0.0006627751516383203
2022,Zakharov Function,1.0166856610897678e-08,60000,60000,5.486643349931676e-05,1.0166856610897678e-08,3.23966680798486e-05,-1.3192609404721298e-06,3.998008929737045e-05,-2.1022875838610367e-05,-2.8026209145256207e-06,2.8863279161808847e-05,-3.0288161469714937e-05,-5.486643349931676e-05,7.334948630016638e-06,2.8412075012732786e-05
2023,Zakharov Function,7.680372993453698e-07,60000,60000,0.0004224591419344265,7.680372993453698e-07,6.398674829432991e-05,-0.0004224591419344265,0.000279480561411298,-0.00041143274517551904,-0.0002462253603981397,-0.0002080481978845285,0.0002926679819770466,-2.0165046442351166e-05,0.00023119216125074119,-5.0737069444670675e-05
2024,Zakharov Function,4.342712529737477e-08,60000,60000,0.00012954228614186778,4.342712529737477e-08,-3.674184774769697e-05,5.647994960509845e-05,2.1697430825667173e-05,0.00012954228614186778,-1.5160767346857475e-05,9.435931872091232e-06,-7.014069606923073e-05,-1.1068533475827735e-05,-8.156179958505371e-05,5.051291597536857e-05
2025,Zakharov Function,5.3047913560769204e-05,60000,60000,0.005997404369586566,5.3047913560769204e-05,-0.00018471381661284015,0.0009724402217434411,0.001213914657810728,0.00018559588683835567,0.0008315985744778333,-0.005997404369586566,0.002432830704387397,0.0026524344258442504,-0.0008350593086129841,-0.00047511083575284404
2026,Zakharov Function,9.393936568503744e-06,60000,60000,0.0022374479914011817,9.393936568503744e-06,0.0007668256793009803,0.0011488986171038123,-0.0004146252075222581,0.0008713062905987172,-0.0005352284943988064,-0.0022374479914011817,0.0009822353082217822,0.0001735045459635799,-0.0002267758632409602,0.0004635629754525008
2027,Zakharov Function,1.8140754459402595e-05,60000,60000,0.0025469144317892397,1.8140754459402595e-05,0.001423221254187535,-0.0016464897769027072,-0.00015477147919233354,0.0025469144317892397,0.0015220866973888452,0.000903786342219249,0.00015483918478678346,-0.00018078095382237803,-0.0017333242997089617,-0.0006073407771620542
2028,Zakharov Function,0.001212882872769,60000,60000,0.01907048510651748,0.001212882872769,0.011841679159367883,0.00346784268563023,0.018683203927067904,-0.00851987362159567,-0.01907048510651748,-0.0031471652884268782,0.003147857318179653,-0.0005361784948331987,0.005099222925207591,-0.002015606168102691
2029,Zakharov Function,2.623363015350464e-05,60000,60000,0.003296229880952328,2.623363015350464e-05,0.0015173966440443908,0.0001702491142746797,0.0013848725298432093,0.0013254408510704045,0.003296229880952328,-0.0025393152555758082,0.0006746883303304055,-0.0011798570120664085,-0.000149770573146339,-0.0007813238661113018
2030,Zakharov Function,8.19455569666963e-07,60000,60000,0.0004781826448177978,8.19455569666963e-07,7.993586245870227e-05,-0.0002448798724688616,-0.0001523134104023525,-0.00015910202221294095,-0.0004713741961714776,9.660512293126092e-06,0.0003672906133162715,-9.827415632767929e-05,0.0004781826448177978,-0.0002674083943121771
2031,Zakharov Function,0.003891816684391234,60000,60000,0.03659957729734717,0.003891816684391234,0.009436759301650475,-0.0253807896936927,0.008066441208359441,0.03659957729734717,-0.009494541792258882,-0.021047215560413602,0.01407012142735323,0.015079713385630448,-0.004909987541811915,-0.017377638210960028
2032,Zakharov Function,2.6360962322645042e-08,60000,60000,0.00010088463010891893,2.6360962322645042e-08,-1.0545418573982802e-05,-0.00010088463010891893,1.704550455136784e-05,-5.117645415675314e-05,4.4964405771082396e-05,6.44517626699834e-05,-1.650397010552938e-05,3.156908970582849e-05,-4.835819867340973e-05,-6.302512586140696e-06
2033,Zakharov Function,1.3846431169432094e-05,60000,60000,0.0021219390686102067,1.3846431169432094e-05,0.0009165907303164077,0.0004261748316315517,0.00042699058422007523,-5.348444358244727e-05,-0.0005215951162068894,0.000922300532371677,-0.0021219390686102067,0.0015809325531318144,0.0013467962260293928,-0.0013933994740864283
2034,Zakharov Function,4.168530862750793e-05,60000,60000,0.0040678860426842794,4.168530862750793e-05,-0.0011964118723707467,-0.0026015743890326288,0.0016497560669139714,-0.0003260925566386536,-0.0007922948062960827,-0.0040678860426842794,-0.0018689276671153949,0.00032861555350568853,0.0015493267933207868,0.002730087055152675
2035,Zakharov Function,4.697449991920024e-06,60000,60000,0.0009915848822118364,4.697449991920024e-06,0.00017061050286218296,-0.0005042509899746916,-0.00016136770609117215,0.0009915848822118364,0.00044477848967116804,-0.00038030930025847033,-0.00013689913286284405,-0.0008948854692041633,0.0003268720568911454,-3.3304973775167765e-05
2036,Zakharov Function,5.904386926667369e-05,60000,60000,0.006083905230080101,5.904386926667369e-05,-0.006083905230080101,0.001543604336952551,-0.0008407957841499585,0.0017843095259557087,0.000916310246121755,0.0022430334273862806,-0.000704730663003355,0.0004915558982879161,-0.0002451916666379696,-0.0020812108603874124
2037,Zakharov Function,9.453160314042861e-06,60000,60000,0.0013371555194673038,9.453160314042861e-06,-0.001123784635230007,-0.0001057397339675548,0.0008812638046624183,0.0007108858618923374,-0.00032959799151391215,0.0013371555194673038,-0.001110569062525638,0.00033863133178431665,-0.0002793349514313063,8.295129257689278e-05
2038,Zakharov Function,2.6820861957915095e-07,60000,60000,0.0002523137895130332,2.6820861957915095e-07,-0.0001980610706390785,-2.605800674417187e-05,-8.37264688498589e-05,1.0340314849775772e-05,-0.0002523137895130332,-0.00011375361670780656,-5.41438066255422e-05,-0.00010538035087163972,0.00014847982333214188,0.00017290972917365004
2039,Zakharov Function,6.751035929058646e-06,60000,60000,0.0013874831198518287,6.751035929058646e-06,2.761448917783715e-05,0.0007926069840628897,0.0009986397897192296,0.0005850635196143796,0.00024841743825874734,-0.00034202030570095994,0.0005017876646168116,-0.0010784263418600303,-0.0013874831198518287,0.0010985814492663097
2040,Zakharov Function,1.1637376099490133e-05,60000,60000,0.0015707237330908706,1.1637376099490133e-05,-0.0012803872767102,-0.0005009617350983757,-0.0006387175558202666,0.0012762719829204003,-0.00039548302461118827,-0.0014976345226888536,-0.00025587847358904793,-0.001193335520198052,0.0003881192788344639,0.0015707237330908706
2041,Zakharov Function,1.8968787257783862e-06,60000,60000,0.0009511828075212218,1.8968787257783862e-06,-0.00022587682388463615,-0.0009511828075212218,-0.0005694911044497239,-2.2472867903793915e-05,-0.0003167566344050545,-9.901086172939473e-05,0.00011856403574028913,0.0005201966429674606,0.00022936722664458354,-0.00016996665395534855
2042,Zakharov Function,3.4614829928104583e-05,60000,60000,0.0033817476135635776,3.4614829928104583e-05,0.0033817476135635776,-0.00011832331492483928,-0.0012450696509018052,-4.469372039254721e-05,-0.0022223773799114914,-0.0011921006933183814,-0.0007913471324877391,-0.0004355927661664438,0.003101741281976408,-0.000416714339104268
2043,Zakharov Function,0.12051780217522612,60000,60000,0.17713165560576272,0.12051780217522612,-0.09398761132956775,0.014472061678289235,-0.13459872698937608,0.17713165560576272,-0.0938938111609061,0.09462242528578231,0.15921064715005176,-0.09312847958013483,0.024493246257449856,-0.08212746643841046
2044,Zakharov Function,4.453816823836327e-08,60000,60000,0.00010700258310251156,4.453816823836327e-08,-2.6910609740099314e-05,5.700224568204762e-05,1.3160722540098549e-05,-3.32926566399866e-05,-2.2920994585754118e-05,-3.9344869635769674e-05,-2.8833670196899232e-05,3.991393557636672e-05,0.00010700258310251156,-9.607599173726283e-05
2045,Zakharov Function,2.1407177984715718e-05,60000,60000,0.0031607819680178574,2.1407177984715718e-05,-0.00021712485152131574,0.00015885798685451964,-0.0031607819680178574,0.0007208953695465553,-0.0017381710076250691,0.0014756392897848298,-0.0018943573941666001,0.00038916552538657487,0.00042804526062799754,0.0012949816063846926
2046,Zakharov Function,4.1822255391342954e-08,60000,60000,9.967533682860388e-05,4.1822255391342954e-08,5.78090084066523e-05,2.6224629352591432e-05,4.743555049853285e-05,-8.948380490367524e-05,6.153545876638142e-05,-7.312954466036942e-05,-3.6384743540244927e-06,9.967533682860388e-05,-8.760014756123693e-05,2.1815227086196778e-05
2047,Zakharov Function,9.347024221829004e-09,60000,60000,4.3150952641111224e-05,9.347024221829004e-09,3.388854256124529e-05,3.3608612230177952e-06,8.158367317431644e-06,-3.680494787278171e-07,-5.050013263588796e-06,4.10909161692136e-05,-4.3150952641111224e-05,3.914622449063702e-06,-1.739995806419259e-06,-1.305082581604135e-05
2048,Zakharov Function,7.35177261774848e-07,60000,60000,0.0005439267522651535,7.35177261774848e-07,0.00042964767865772454,-6.280187057249655e-05,-1.814825751418256e-05,-0.00014090983645603808,-0.0002989506426809657,0.00023824925641830497,-2.679130890931113e-05,0.0005439267522651535,-0.00023254436389607793,-0.00017175252949068318
2049,Zakharov Function,7.837186681915172e-08,60000,60000,0.00017371534142049334,7.837186681915172e-08,7.24887275777099e-05,-9.549582213555528e-05,-3.834665728119342e-05,9.900228183384982e-05,-6.513009420262429e-05,0.00017371534142049334,3.346541975906177e-05,-3.331106979544405e-05,-2.1688074461115675e-05,-8.37144849339221e-05
2050,Zakharov Function,1.660913804462736e-07,60000,60000,0.00022696395116865412,1.660913804462736e-07,-0.00018681899304995184,-3.297373316167785e-05,0.00022696395116865412,-2.6871701887965914e-07,-2.7450113468683224e-05,1.9628543798214272e-05,0.00017273017372148051,9.419447229592722e-05,-0.00010765718165905328,-0.00015257854445765992
2051,Zakharov Function,0.00010820694280156706,60000,60000,0.005764567063991082,0.00010820694280156706,-0.005764567063991082,-0.0016247753323547622,-0.005510295380948315,0.002810158626031324,0.003457490245362859,-0.0022557880460500335,-0.0023503972424066565,0.002387298995470558,-0.0004409660325843407,0.0015465689555449285
2052,Zakharov Function,5.254636041882366e-05,60000,60000,0.0038758296638596746,5.254636041882366e-05,0.0010412543910538862,0.003409276024505615,-0.0038758296638596746,0.0013020339238563592,0.0005785914993889302,0.0018261535190164557,2.8210620163708015e-05,-0.002433065943469156,0.0001604184907554085,0.0009626298320512676
2053,Zakharov Function,0.15277131498688576,60000,60000,0.2005253762713091,0.15277131498688576,0.09633223240673061,-0.1406079721210025,0.07980597834910491,0.13833726333312873,0.2005253762713091,-0.11805020828752025,-0.13467274702741705,-0.049469877211817254,0.019357456062790074,-0.003852194428824309
2054,Zakharov Function,3.156800767777774e-07,60000,60000,0.0003878223173852134,3.156800767777774e-07,-0.00014747758898253754,0.0003878223173852134,-3.049549230687861e-05,8.102194796545824e-05,0.0001197645211262221,-0.00023156208485001942,0.00016440867459580587,-3.703427849315794e-07,-0.00016259784737168563,3.630785421359262e-07
2055,Zakharov Function,1.4191426850110027e-09,60000,60000,2.1329565690023455e-05,1.4191426850110027e-09,2.1329565690023455e-05,1.0092434075514332e-05,-8.909522479678255e-06,-1.1828386358104666e-05,1.3550240571992886e-05,1.2010922991394291e-05,8.267795439713858e-06,-8.742047134686645e-06,-3.2286667568735123e-06,-8.491617630570364e-06
2056,Zakharov Function,5.0157076855796054e-05,60000,60000,0.005003710901268155,5.0157076855796054e-05,0.0016064747365108142,7.27005258072469e-07,0.0002002391518292786,-0.0032261745950413435,0.0005854257036291364,-0.0005534685582099458,-0.005003710901268155,0.0006777988568456425,0.0013438293813296262,0.0025252384638086668
2057,Zakharov Function,2.216684504432139e-06,60000,60000,0.000733647525328123,2.216684504432139e-06,-0.000733647525328123,0.0005843691406395886,-0.0001386463482367488,-0.0006978067434825413,0.0001231155529630476,-4.793664087433084e-05,-0.0003896476892870987,0.000346940507913086,-0.00012098303336675767,0.00046062897334419646
2058,Zakharov Function,2.9640372738258787e-05,60000,60000,0.0035365497471527615,2.9640372738258787e-05,-0.0005732617494073537,-0.000625778979793004,7.535700235409286e-05,0.0031837807361632005,-0.0035365497471527615,-0.0005694653023638747,0.0016905307846484447,0.001249681856860401,-0.0008126214928932296,-0.0005981078171759609
2059,Zakharov Function,2.780462046946218e-07,60000,60000,0.0002786243834472953,2.780462046946218e-07,4.153322950254637e-05,-0.0002786243834472953,7.628601975592753e-05,0.0002638927854975128,0.00012310942168877346,3.2856863465338264e-06,0.00016507830642349978,-0.00011372975502436629,-0.0002079922435786915,-9.102800387149836e-06
2060,Zakharov Function,1.2432592023181856e-06,60000,60000,0.0005660299910515956,1.2432592023181856e-06,5.2493181156173315e-05,0.00018579949181114368,0.0005660299910515956,-0.0005265273417577726,-0.00016081305641767163,-0.00012901303597844319,-0.00032021410513112503,0.00038174022257551844,0.00038619419632360936,-0.000201048298123091
2061,Zakharov Function,0.0004855034014540038,60000,60000,0.01054259197556048,0.0004855034014540038,0.004385252318391594,-0.0048674554035729525,-0.0004577382823854804,-0.010199609891217484,0.008862571055242047,-0.01054259197556048,0.008951653699546978,0.0022733529983857193,0.003637981132395803,-0.005583064506117419
2062,Zakharov Function,2.3689941417708765e-07,60000,60000,0.0003116280120540872,2.3689941417708765e-07,-0.00010628996062391028,0.0003116280120540872,-0.00011144032285879615,5.593197804472144e-05,0.00020945892306288566,-2.733399186024082e-05,2.2802644854882664e-05,-0.00020443648318759655,9.088378516038678e-05,-8.387531244734429e-05
2063,Zakharov Function,2.2865072740524766e-06,60000,60000,0.0010896667323823544,2.2865072740524766e-06,-0.0007023837502905193,0.00038518642394364444,0.0004300654590868528,-0.0002282065169157507,-4.325679587607986e-05,2.3096889654591164e-05,-0.0010896667323823544,0.0002858827913600066,0.0002039290826121336,0.00030110755746732567
2064,Zakharov Function,0.00013899064994367827,60000,60000,0.0061983075522381165,0.00013899064994367827,2.055596395353842e-05,-0.00044402674611604154,0.00511028117068393,-0.0061983075522381165,-0.004247625000868201,0.006059262697502959,0.002304908879364754,0.0012149510147074943,-0.0022367745308686186,-0.0015162902732492188
2065,Zakharov Function,1.9762348211492593e-06,60000,60000,0.00064711085956866,1.9762348211492593e-06,-0.000544744475850938,0.00016145229820884333,-0.00036804841080247043,-0.00036949661898231216,0.0003855219243704798,0.00047305842188357305,0.0006323269299753086,0.00021335472536492488,-0.00064711085956866,-0.00027892436452973816
2066,Zakharov Function,4.678174709575653e-07,60000,60000,0.0002943548073006594,4.678174709575653e-07,0.0002943548073006594,-0.0002852053878460955,-0.0001364880328940622,-0.0001492858184655465,0.00023020567451008563,0.00012750482107581006,0.000149275644709393,-0.0002304994405113017,-0.00011599757255280319,5.8558122184265246e-05
2067,Zakharov Function,0.00012614894466980638,60000,60000,0.006851235827072642,0.00012614894466980638,0.004729464424910835,0.0017099092874064605,-0.0020158053766232724,-0.0013379889243505028,0.005167660123862586,0.003164272479303447,0.000580632951948736,0.0004819526234530868,0.0014597148974585744,-0.006851235827072642
2068,Zakharov Function,0.00015391140798506363,60000,60000,0.009414962573188544,0.00015391140798506363,0.00041172258964708355,-0.0027327200817518116,-0.0008659982378457048,-0.00020146678186084188,0.003728281199063272,-0.00021851416358493724,-0.009414962573188544,0.005726035609761376,-0.001755252867824019,0.002612488167800478
2069,Zakharov Function,5.197459678787867e-07,60000,60000,0.0005207611460523772,5.197459678787867e-07,-0.00012422631340947292,-0.0005207611460523772,0.00023785587111318975,0.00019285814442748193,0.0001904097948816051,2.615417494166846e-05,-1.8711043172993207e-05,-5.242371886843284e-05,-0.00013961600457919365,9.133934440673294e-05
2070,Zakharov Function,0.00089535359753441,60000,60000,0.02076006445228342,0.00089535359753441,-0.006433646308238522,-0.006362292524829314,0.008119594350802683,-0.02076006445228342,0.009815710245821199,0.0011327364551806242,-0.005627487637945482,0.008823256828123877,0.006561204262430729,-0.007475718697799345
2071,Zakharov Function,2.792889076927284e-07,60000,60000,0.00038222064711559896,2.792889076927284e-07,0.00017562717166492908,-2.0607986206450124e-05,0.0002454942862157105,3.542922766591033e-05,-0.00011648530649254542,-0.00038222064711559896,-4.1426909458818916e-06,0.00011450022370160187,-8.13717840859712e-07,8.154405135192253e-05
2072,Zakharov Function,2.340070092719382e-05,60000,60000,0.003905448350783986,2.340070092719382e-05,-0.00023352282813907555,-0.00046525937178302156,-0.003905448350783986,0.0011522019727778238,0.0010891099062266866,0.0015232114521318719,-0.0004755775474005995,-0.001527541781196368,0.00040240314942189626,0.0005130505162834472
2073,Zakharov Function,5.445658999676555e-07,60000,60000,0.0005047024252265951,5.445658999676555e-07,-0.0001160157046395179,0.00025772024337551356,-4.115095087957912e-05,-6.22400944860947e-05,0.00011157346407800919,-0.0005047024252265951,0.0002853721766309552,-9.689626415136925e-05,0.0002474122336900887,-0.00013078235972842803
2074,Zakharov Function,5.652518645423251e-08,60000,60000,0.00012274714475159513,5.652518645423251e-08,6.498273292888742e-05,0.00011664369435701648,-4.48045005537066e-05,-3.9847903147883154e-05,-3.0149694881974622e-06,1.7723783389883636e-05,6.453468492052691e-05,-0.00012274714475159513,0.00011129401967449156,-5.6143137456752016e-05
2075,Zakharov Function,0.0008131916729301593,60000,60000,0.01902526942166239,0.0008131916729301593,-0.0013679154390795895,-0.002115375098616077,0.012779573390774977,0.001437414689838476,-8.745941603421382e-05,0.006928855834768507,0.01902526942166239,-0.007138023234129301,-0.005243063419179198,-0.009196139963951532
2076,Zakharov Function,0.024101277489818065,60000,60000,0.10160887956777012,0.024101277489818065,-0.00429193383790279,0.024281950305939715,-0.0953821970538548,-0.10160887956777012,0.02348403038556336,0.0006855390385185484,0.006937531120961529,0.0037185136232150695,-0.01183639736020142,0.05706182695511933
2077,Zakharov Function,0.00017666221093163477,60000,60000,0.009695698631497393,0.00017666221093163477,-0.009695698631497393,0.0067089180574953205,-0.0002866851427024412,0.0012256361016366735,0.0005010676513932666,0.0016894185677264056,0.0030697746451903334,-0.0006162319772305414,-0.00021921366557891338,-0.0027044586194440528
2078,Zakharov Function,4.792309550717575e-05,60000,60000,0.004316632874231656,4.792309550717575e-05,-0.0009078644952304836,-0.0020015835335126155,-0.00020724845381214028,0.004316632874231656,0.00021827096388322086,0.0004949661600170924,0.00133849158092849,0.0011589292163293515,-0.0008384753760372634,-0.0018694157463901417
2079,Zakharov Function,0.00011558726522649893,60000,60000,0.0076739673063980635,0.00011558726522649893,-0.000599778811091467,-0.004785771667279686,-0.002593581095886312,-0.0002555387273178748,0.001994346451854305,0.0076739673063980635,-0.003657194763821439,0.0006250040325119091,-0.001656457628370302,0.0003382719550876134
2080,Zakharov Function,2.0943485052140382e-07,60000,60000,0.0003181111839108013,2.0943485052140382e-07,-0.00014855112054992851,-1.523656194949839e-05,-3.24556676291511e-06,5.24216143208149e-05,-0.00014562428982661487,-6.187519825930145e-05,-0.00019207183719285447,3.8585410164534184e-05,-9.563755646983587e-05,0.0003181111839108013
2081,Zakharov Function,1.6123669944969276e-09,60000,60000,2.4316482128208602e-05,1.6123669944969276e-09,-7.019033973772158e-06,7.013303576327433e-06,-8.472059813312162e-06,4.970327947164894e-06,4.561368866927474e-06,1.334161416274414e-05,-2.4316482128208602e-05,-2.1270107869261146e-06,-8.633113618102218e-06,1.8840739956900226e-05
2082,Zakharov Function,0.005388531470266917,60000,60000,0.03837283396874501,0.005388531470266917,0.024038313268249546,0.0015938317647013964,-0.004581598209959868,-0.01616412655685609,-0.009009676971046397,0.03837283396874501,-0.029115451276898477,-0.011442093388954893,0.013698848293088374,0.011953549954007534
2083,Zakharov Function,7.773098485800409e-07,60000,60000,0.0007667982263310741,7.773098485800409e-07,-0.0001795906874037475,0.0007667982263310741,0.00020802107470593287,4.828263215473868e-05,3.091863386233632e-05,1.5767211664142783e-05,-0.00027344184640030306,-0.00013397163229459687,5.757345995687483e-05,-1.883243950605051e-05
2084,Zakharov Function,1.6766022795590568e-05,60000,60000,0.002731433250675995,1.6766022795590568e-05,0.0004968535041312287,-0.00016286988888732047,-0.002731433250675995,0.0001954287359943137,0.0010491423376092612,0.0017709735449747339,-0.0019374778224887199,0.0008425287090082723,0.0002737017535841264,-0.00037019546164398826
2085,Zakharov Function,3.423955908130263e-05,60000,60000,0.0037433675315783985,3.423955908130263e-05,-0.00014763694024336562,-0.0015311598753840212,0.0027878071420982023,-0.0006021616048885467,-0.0007551695324524116,0.0037433675315783985,0.000635722024986121,-0.0026561865563928485,-4.2492219907611475e-05,-0.00016652505662255923
2086,Zakharov Function,1.5793120367360725e-05,60000,60000,0.0022257691467867883,1.5793120367360725e-05,-0.0009677599234005054,0.0018347369822453406,-0.0012816920636933215,-0.0010991592707508468,-0.0005425159805265038,0.0022257691467867883,-0.0005744854313505377,-0.0007455808038268584,-0.0008257532213466348,0.0010657584279120482
2087,Zakharov Function,2.8596344048561883e-05,60000,60000,0.0023482597169019164,2.8596344048561883e-05,0.0019017246289326365,0.00040006228316122013,0.0005030488450626174,0.00014655645947418304,0.0002238770316647506,-0.0013470294108117336,-0.0016869527123538701,0.0023482597169019164,0.00043046470704656776,-0.0015533535890158144
2088,Zakharov Function,2.286294956436205e-07,60000,60000,0.00021310343770454077,2.286294956436205e-07,-0.00021310343770454077,-4.793059310488512e-05,-0.00019871488406549936,-0.00019014871820688872,-5.378561467496286e-05,-5.148316271474937e-05,0.00017409078535129212,0.00011229444865763443,-1.564932850539613e-05,7.207044091744824e-05
2089,Zakharov Function,8.137611495563743e-09,60000,60000,5.386872633861695e-05,8.137611495563743e-09,4.291959393465099e-05,-2.273199757043035e-05,-2.442644496590717e-05,-3.3299330974339055e-05,-1.5086915197615518e-05,5.386872633861695e-05,-6.281318317746605e-06,1.1050223784555845e-05,-1.93675124993306e-05,1.2309561115672955e-05
2090,Zakharov Function,0.00022053535740094418,60000,60000,0.007596018365706586,0.00022053535740094418,-0.005011476513913633,0.005503710122880473,-0.00040237140232375797,-0.0002084282160541035,-0.0016247656161162694,0.007596018365706586,0.0025864142096619237,-0.004601486081045948,-0.0020231851244404764,0.0012371569357347064
2091,Zakharov Function,4.2069027750046623e-07,60000,60000,0.00039109687742592473,4.2069027750046623e-07,-4.195372592616798e-05,2.3805476189134897e-05,0.00025344910576077497,0.00015816154930856294,-8.716248260746395e-06,-0.00016881369393491547,-0.0001998105334288303,-9.243499576072205e-05,-0.00027071314671635793,0.00039109687742592473
2092,Zakharov Function,2.9088500222164038e-05,60000,60000,0.0027525406312207605,2.9088500222164038e-05,-0.0016119850702822922,-8.010965221331274e-05,0.0027525406312207605,0.0017218756604890492,0.0006303320663349597,-0.0016108664467864586,0.0003239354745127899,-0.0003308178165428616,-0.0024004388423085124,0.001882705666428643
2093,Zakharov Function,4.026146416052476e-08,60000,60000,0.00011760230228761016,4.026146416052476e-08,-8.621455432831717e-06,6.256764751442229e-05,7.386021880351806e-06,-8.943966374987351e-05,1.7447614784949292e-05,-3.3461570136461185e-05,7.584037450059547e-06,-0.00011760230228761016,3.775007914846087e-05,9.711526835989891e-05
2094,Zakharov Function,8.085608231591541e-05,60000,60000,0.0043916300990121055,8.085608231591541e-05,-0.0043916300990121055,0.0021281934619688195,-0.002651421152247811,0.0032781512093980197,0.0029558840405315067,0.0009119487582262605,0.0020165302349995297,0.0007818041356878885,-0.002053070902580135,-0.0018861362645392907
2095,Zakharov Function,5.880929949284128e-06,60000,60000,0.0014007184520335512,5.880929949284128e-06,0.0008631033108220951,-0.0006951516148971067,-0.00017624378997806926,0.0007232556987308495,-0.00012224088282583015,0.0014007184520335512,-0.00045840562400053836,0.00014171126382874313,0.0005694886592751183,-0.0012476953470664238
2096,Zakharov Function,6.710732306930679e-08,60000,60000,0.00015101081881551288,6.710732306930679e-08,0.00015101081881551288,4.869339634365401e-06,0.00014460632709241476,-6.413952667540228e-05,5.8361231519903935e-05,5.2567232770084864e-05,-2.5552383835678726e-06,-0.00010374947946045372,2.9228132196315186e-05,-3.18008040546157e-05
2097,Zakharov Function,8.85063300576704e-06,60000,60000,0.0016632454241415988,8.85063300576704e-06,-0.0006476731179015649,-0.0003481378905443181,0.0013547587539458426,-0.0016632454241415988,-0.00010164998128184711,0.0006771486650978248,-0.0001797051425764552,-0.0011218251784005746,0.0013370368949850498,-6.305615507751867e-05
2098,Zakharov Function,4.868536520433e-06,60000,60000,0.0009965971364888665,4.868536520433e-06,0.0009500578826588341,-0.00038045008103620135,0.0005633497519368655,-0.00040848978290934797,-0.00048494313158397185,0.0002432510258592686,0.0009353835734169629,-0.0009965971364888665,-0.000674554941887415,0.0007379794097601788
2099,Zakharov Function,0.00645867956397748,60000,60000,0.050579616341573375,0.00645867956397748,0.0055165234502338525,-0.015478888759771256,2.6813044765773217e-05,-0.008384625366375504,0.050579616341573375,0.02480412269329721,-0.030169098702794606,-0.026200137277862648,-0.01985325033281767,0.028189025184999057
2100,Zakharov Function,1.5019043293532277e-07,65000,65000,0.00022314676382219643,1.5019043293532277e-07,-0.00013975044609811587,-7.939822064532935e-05,9.681455901060872e-05,-1.8154825359692053e-05,-0.00022314676382219643,0.000143948137860182,6.988594476690636e-05,0.00015437708229174859,-2.058289319185563e-05,-0.00012220856072465503
2101,Zakharov Function,3.871065822648167e-05,65000,65000,0.003028901023360902,3.871065822648167e-05,0.0014423178561468394,-0.002517981113698279,-0.003028901023360902,0.002759093976557066,0.0001181821831821785,-0.002244074873424336,0.0021040240733778168,-8.323108933736673e-05,-0.001469866233441648,0.0013632515244863155
2102,Zakharov Function,4.087355029981863e-06,65000,65000,0.0009053839370910732,4.087355029981863e-06,-0.0006126440550766731,-0.00012637983391847055,-0.0005881324227993447,-0.00023270258802123562,-0.00017001508320860443,0.0009053839370910732,0.0004439801261049833,-0.0005821267639040716,-0.00039652000909785423,0.00014635492208811763
2103,Zakharov Function,2.780435985098432e-07,65000,65000,0.0002110218991670193,2.780435985098432e-07,3.6950525314962906e-05,0.00016714948437310706,0.00015129969382685375,8.441831456310861e-05,9.380951065673343e-05,-0.0002110218991670193,-8.484498595289196e-05,-5.092816888352099e-05,-0.00012608872703285005,0.00010531599838981459
2104,Zakharov Function,0.0001490708911138783,65000,65000,0.007469240091716138,0.0001490708911138783,-0.000310639119481974,0.0056590702969744324,0.0004033880131668172,-0.007469240091716138,-0.001007862107028973,-0.0008255790678704713,-0.003198272413662634,0.006264206802492177,0.0009971598226081924,-0.0014264024238314875
2105,Zakharov Function,1.513351122455793e-07,65000,65000,0.00018904391722335677,1.513351122455793e-07,5.99474020980998e-05,-3.4864842200669675e-05,6.359467927657867e-05,-0.0001265321093659306,-0.00018904391722335677,1.791555543206981e-05,-4.5712661702975886e-05,-0.00015780735936693371,0.00013940372053206914,0.0001728292528916242
2106,Zakharov Function,7.798514493323666e-07,65000,65000,0.0005776767996301386,7.798514493323666e-07,-0.00010252196538142546,0.0005776767996301386,-0.00043292437422469735,-0.00014119053911069187,5.5402849291764705e-05,0.00028955933057847236,0.0002686677024451757,-1.98845465369556e-06,-7.208975449407663e-05,-0.0002498436127378349
2107,Zakharov Function,1.0775475104434465e-07,65000,65000,0.00019627167125575408,1.0775475104434465e-07,-9.121650376745709e-05,-0.00016084195441979108,7.347639546264932e-05,-1.2071044622176771e-05,-0.0001153863580917304,-9.12145566371481e-05,-6.388780125395177e-05,2.5656896764461378e-05,0.00019627167125575408,-2.5859412270185334e-05
2108,Zakharov Function,1.993344683636073e-06,65000,65000,0.0008514770174683328,1.993344683636073e-06,0.00044071720305636055,-2.9698597408258373e-05,-0.00011717810133491033,-0.00039178394712911834,-0.0002677387054633739,-0.00016740616067459807,0.00028980208450187666,0.0006444269286950795,-0.0008514770174683328,0.0004883351193728112
2109,Zakharov Function,2.9630227372978228e-06,65000,65000,0.001337146638298467,2.9630227372978228e-06,0.00018762268932616532,0.00010632383943159099,0.00024389771342277618,6.817416140627835e-05,2.7106949437109167e-05,-0.001337146638298467,-4.571211243654643e-05,0.000681629395121613,-0.000450245360528254,0.0005855316342128947
2110,Zakharov Function,3.880886374767533e-08,65000,65000,9.426073157481007e-05,3.880886374767533e-08,-8.350139918008537e-05,2.6616834618967827e-05,4.9479589888229834e-05,9.426073157481007e-05,9.222550957952195e-06,6.210081610674665e-05,-7.14325632461991e-05,-7.701833264199981e-05,-3.245302651235646e-05,4.0151335642628724e-05
2111,Zakharov Function,3.6204213779625385e-05,65000,65000,0.0034024736156900715,3.6204213779625385e-05,0.00118743333169528,0.00029359671405064405,0.001034158624435007,-0.001605543659547993,0.002859202467143924,0.0034024736156900715,0.0005824689428389389,-0.0006137287548020811,-0.001129779535012131,-0.0017109912604073782
2112,Zakharov Function,1.5610168624461965e-07,65000,65000,0.00019930503316018216,1.5610168624461965e-07,0.00015627254954833143,0.00017811352465618903,6.647580975802054e-05,0.00011619100963037806,2.4974011881449988e-05,-8.589002944029868e-05,0.00019930503316018216,-0.00012911256614811078,-0.00010192475200649829,-6.122376971871152e-06
2113,Zakharov Function,7.199675108264369e-07,65000,65000,0.0005043314418713505,7.199675108264369e-07,-8.206457970779324e-05,-0.0005043314418713505,8.831355561044797e-05,-2.39730710939213e-05,-0.00014481576296138362,0.0002572648267194934,1.8536352360234618e-06,0.0003340949503375909,-9.952783329421702e-05,-0.0002531050068700834
2114,Zakharov Function,1.7707529424060176e-05,65000,65000,0.0024006303132627165,1.7707529424060176e-05,0.0007720352449935952,-0.0024006303132627165,0.0017407631216153087,-0.0002468525907951594,-0.0005201468436106826,0.0011029242461071324,0.0013316641198140053,-0.00031037196073722896,0.0006484583991986901,-0.001366432350688747
2115,Zakharov Function,1.3806364435757689e-05,65000,65000,0.0026781264874335053,1.3806364435757689e-05,0.0005922051849498029,-6.453225767318375e-05,-0.00014332255764008318,-0.0008183917879075284,-0.0017438109332436535,0.0007078621984386523,-0.00016434672586872038,0.0026781264874335053,-0.0012647397203083062,1.1675367228132397e-05
2116,Zakharov Function,1.4727578910750166e-05,65000,65000,0.002270066912001914,1.4727578910750166e-05,0.0005788901722222092,-0.00028583364252515297,-0.0003309221671104186,-0.0008238565280072403,-0.002270066912001914,0.0009840290137477772,-0.0015034080031319503,0.0017108430275991657,-0.0006857091635778046,0.0011404540630438388
2117,Zakharov Function,4.2018526756171546e-08,65000,65000,0.00010239328379678481,4.2018526756171546e-08,-0.00010239328379678481,-4.852560580653948e-05,3.861279132955844e-05,-5.179088561471049e-05,2.0819607152853986e-05,-5.656071245318538e-07,-5.817639873496108e-05,-6.189505685315287e-05,3.7658634950981846e-05,9.25308914512917e-05
2118,Zakharov Function,3.106389652588419e-09,65000,65000,3.441600411063691e-05,3.106389652588419e-09,-1.7317745134511825e-06,-8.619073059175236e-06,4.21963036311865e-06,-1.4500730480482838e-07,1.6684491089955686e-05,-3.441600411063691e-05,3.343540635258251e-05,6.022324845725214e-06,-9.43947002626591e-06,-3.2998880359005877e-06
2119,Zakharov Function,2.33805536357426e-07,65000,65000,0.00026612335988193924,2.33805536357426e-07,-6.861235913312293e-05,0.00026612335988193924,0.00015398136717519276,-3.2137229064354826e-05,7.027593957401516e-05,4.59073048647524e-05,-0.00012826066042112197,-7.773765475343649e-05,-0.00016648910900163318,0.00010864535143990418
2120,Zakharov Function,1.241262569609703e-07,65000,65000,0.00016662349388700537,1.241262569609703e-07,5.590006017718935e-06,7.756192798693922e-05,-0.00016662349388700537,8.157959592057441e-05,-3.643056329913451e-05,6.737420180256599e-05,-0.0001654296022266889,-3.378900567447982e-05,0.0001356387911422459,-3.4629026095455844e-05
2121,Zakharov Function,0.00022122101044263923,65000,65000,0.007732379446114568,0.00022122101044263923,-0.0076157966103368524,-0.00012470731262805197,0.0009090315854786701,-0.007732379446114568,-0.003991130997406625,0.0010864705847049095,-0.005935659924618917,0.0050676390624296175,0.003866481973164139,0.0009832469147220688
2122,Zakharov Function,0.0026964456950936038,65000,65000,0.030235751204789853,0.0026964456950936038,-0.030235751204789853,0.012986640556693178,0.005138215076632255,-0.0005443016956579857,-0.008592819374912127,0.004589428395516633,0.021878268409829933,-0.025041855208950692,0.01611922962576081,-0.007461243633606377
2123,Zakharov Function,0.03437617468732965,65000,65000,0.08053558254185064,0.03437617468732965,-0.004700904498312158,-0.03424974820819729,0.06312144226816263,-0.027336345264706755,-0.08053558254185064,0.0369668406420232,0.04683452608437025,0.014585782306489293,-0.033689234553582956,0.02855938016793333
2124,Zakharov Function,2.9048426260538715e-07,65000,65000,0.0003714377173347343,2.9048426260538715e-07,-4.243821807543043e-05,-6.406674906851706e-05,0.00030941848201681383,-0.0003714377173347343,-4.9621102093560255e-05,-0.0001251031995176486,0.00015411197841010414,9.153336905451913e-05,-2.2336648956514107e-05,1.1421848787086992e-05
2125,Zakharov Function,9.793029928886981e-10,65000,65000,1.8996517762682587e-05,9.793029928886981e-10,-4.5788145412438915e-06,-1.4525875342198933e-06,3.9370827339601905e-06,1.237218111392295e-05,-7.197783795638744e-07,-5.739050484464418e-06,-7.410209452937028e-06,1.8996517762682587e-05,-6.364973984162157e-07,-7.674088797395745e-06
2126,Zakharov Function,2.684215583610064e-06,65000,65000,0.0008459768085874516,2.684215583610064e-06,-0.0004966880068649961,0.0002784052698017594,9.035163989785659e-05,-0.0008459768085874516,0.0007193184004071075,-0.0005928776688057496,-2.8028322859444945e-05,0.00042572499409884723,0.0004344816043893998,-0.0002999313252829269
2127,Zakharov Function,1.0966072965875093e-06,65000,65000,0.0006281899941016115,1.0966072965875093e-06,0.00019203361072685243,0.0006281899941016115,-4.5605963530604907e-05,-0.00019360563350601665,-0.0002522699718647041,-0.0004582837790974108,4.4123390419802984e-05,0.00015682366586964073,-0.0003191375114576313,0.0004481863471592609
2128,Zakharov Function,9.510595102490718e-07,65000,65000,0.0004848635500935701,9.510595102490718e-07,-0.0003921255312457331,0.00022939256119926835,8.090747052361127e-05,-0.0003071297625531587,0.0004848635500935701,0.00014152528509341858,0.00013161690312055383,0.00020451620729839624,-0.0002322752261307063,-0.0003587745709381312
2129,Zakharov Function,1.6879521831020045e-07,65000,65000,0.00024442577021308325,1.6879521831020045e-07,8.84202617131632e-05,3.14203379962976e-05,8.914291726468793e-05,2.0274522032568905e-05,-0.00022706138910462236,-7.646539173083623e-05,-0.00024442577021308325,0.00013124455861233565,9.982217083448978e-05,8.539756185603382e-05
2130,Zakharov Function,8.454914326853536e-09,65000,65000,5.6340101393847365e-05,8.454914326853536e-09,9.01467403680042e-06,9.06357736418805e-06,-5.958558721105426e-06,-1.5400773102367174e-05,4.883468449483435e-05,-2.0470411817011738e-05,-1.1586784159698154e-05,-1.1116976475951106e-05,5.6340101393847365e-05,-4.1798960166708804e-05
2131,Zakharov Function,7.246963655063942e-08,65000,65000,0.00013367359179552633,7.246963655063942e-08,1.3197878254168828e-05,-4.3072383766370906e-05,-0.00013002314855987425,0.00012068421812435286,0.00013367359179552633,1.82721431630034e-05,-5.547555370498305e-05,-2.8397242135456277e-05,9.001480245860051e-07,6.91791257008485e-06
2132,Zakharov Function,1.2646701897360193e-07,65000,65000,0.00023928854409532423,1.2646701897360193e-07,3.090970698262488e-05,0.00023928854409532423,0.0001329616506228481,-0.00018583967962288565,3.556844799721533e-05,-8.487145409491408e-05,4.217355311591991e-06,-1.8948181711853608e-05,5.948527340867511e-06,6.622255208092715e-06
2133,Zakharov Function,1.0889769670562575e-06,65000,65000,0.0007204147540389235,1.0889769670562575e-06,0.00019863655450545962,0.0007204147540389235,-9.968508771715116e-05,2.694288666745231e-05,0.0005697188056720489,-0.0002304167638668058,-0.00010264255444540593,0.00016197433258120076,-2.0890168335909202e-05,-0.0003163580854598139
2134,Zakharov Function,0.0005700290398961303,65000,65000,0.01287395452927514,0.0005700290398961303,0.0012777298878993396,-0.01287395452927514,0.0015217213975798494,-0.0008406859094994185,0.008835789295371977,0.011956283036837078,-0.00403780891214372,-0.010718959622067979,0.0011149965454304697,0.0024042512982873545
2135,Zakharov Function,7.495366325849283e-07,65000,65000,0.0004948244235171479,7.495366325849283e-07,-0.0002154692279684619,0.00016245546179909098,-0.00012516477812286154,-0.00019872681327919497,6.354279098017693e-05,0.00029341260870505105,-0.00012467440638254162,-0.00047975806614691916,-0.00010042032671659957,0.0004948244235171479
2136,Zakharov Function,0.00010271408151727843,65000,65000,0.0054969479444595985,0.00010271408151727843,-0.0004968262867724475,-0.0009688314867509558,0.0054969479444595985,0.004782160133763823,0.0025632505814726517,0.0015192864525774077,0.0024587250286939055,-0.0049052723746632245,-0.0023288852154997207,-0.0014833979197436098
2137,Zakharov Function,1.6646103801270493e-05,65000,65000,0.0027550100355560906,1.6646103801270493e-05,-5.6465333660166996e-05,-0.0009309838920506554,-0.0014392320824975903,0.0006638933982089877,-0.0020651432442809928,0.0027550100355560906,-0.0009325467604245042,1.231930611649923e-05,-0.00030320223912298967,0.0006659548151660834
2138,Zakharov Function,4.112639566377314e-07,65000,65000,0.00038721129447571523,4.112639566377314e-07,-6.253661502789626e-05,0.00030244216945627317,-0.00012235196308335594,-0.00038721129447571523,-7.219786468185913e-05,4.28730301141256e-05,-0.00014342318277534764,0.00020923929784436165,2.1358622808243015e-05,5.265369198026707e-06
2139,Zakharov Function,6.403627354490914e-07,65000,65000,0.00020874752684718774,6.403627354490914e-07,0.00010309897769213468,-0.00012540041813401186,0.0001685066241974145,-7.74240185485128e-05,0.00020874752684718774,1.0000359817506396e-05,-0.00014088065540028837,-0.00011937059410976422,8.223918171241952e-05,0.00014271091127927905
2140,Zakharov Function,3.605283867991236e-07,65000,65000,0.0003321995768961087,3.605283867991236e-07,6.535666085555152e-06,-6.617295786244236e-05,-0.00018815255587271854,0.0003321995768961087,-0.00032902471484312645,-0.00016275967124877716,-8.221816048429738e-05,-7.210258929466178e-05,7.639031149373962e-05,0.00023271366709064624
2141,Zakharov Function,0.00010623281031520863,65000,65000,0.007289769717474347,0.00010623281031520863,0.0017113834601460353,0.0022293573357266318,-0.005524196098331537,0.007289769717474347,-0.0005906469939711108,-0.002799691343723986,-0.00036714403174280133,0.0009210219313798645,-0.0016306323731241422,0.0013019209070359696
2142,Zakharov Function,1.073241073213206e-06,65000,65000,0.0006412971817746584,1.073241073213206e-06,-0.00031259291101955406,-7.303910173588858e-05,0.0004833312552927186,0.0004399852952917131,0.00022893008076836305,-0.00012685127321001454,0.00018906665158743185,-3.8813147408177566e-05,-0.0006412971817746584,0.00015124416071719138
2143,Zakharov Function,1.3458356076601497e-06,65000,65000,0.0007529544265609774,1.3458356076601497e-06,-0.00034193196885445474,-0.0007529544265609774,1.9292164604256513e-05,-0.00012738845958289472,-6.548365646641229e-05,0.00043978033839481984,0.0003629705457351164,-0.0004741807555524978,0.00027160572486729993,-0.00012714433006880707
2144,Zakharov Function,7.798668858481523e-08,65000,65000,7.989669144631265e-05,7.798668858481523e-08,-3.5050195568666186e-05,2.67518147664407e-05,6.098447994643369e-05,7.70321360479464e-05,5.9942464569603e-05,-5.8152947071660416e-05,-7.093394668620547e-06,-7.989669144631265e-05,-4.348236919332545e-05,1.690422754550963e-05
2145,Zakharov Function,1.3090480622054224e-07,65000,65000,0.0002088183473599103,1.3090480622054224e-07,-0.0002088183473599103,-0.00013375550537579546,5.501518947511862e-06,6.398425556281359e-05,0.00011204932605983527,6.483618093521057e-05,-6.799472806784363e-05,-3.7775717599850835e-05,-0.00012424892990437844,8.722514596801222e-05
2146,Zakharov Function,8.716993485984414e-08,65000,65000,0.00015976379402958616,8.716993485984414e-08,-4.048999179052427e-05,5.653678387248611e-05,-0.00015976379402958616,0.00010175829021485152,2.87376556243576e-05,9.57467212582828e-05,2.1776887256901138e-05,6.990442011980968e-05,-2.16327784262753e-05,-0.00014356816595066283
2147,Zakharov Function,2.8686911331586383e-05,65000,65000,0.0024490379742306964,2.8686911331586383e-05,-0.0019800061315712867,0.00018363319019140982,-0.0024490379742306964,0.001591854391710322,-0.002414199201149449,-0.0023186572462146424,0.0003864319498723464,-3.5908567605418256e-05,0.0020447943695246808,0.0006879575600482679
2148,Zakharov Function,3.642810520235456e-07,65000,65000,0.0002822723781370417,3.642810520235456e-07,-0.0002822723781370417,-0.00024308884459890723,0.0001522571015255326,-0.00016861596279299629,0.000255496887855799,-0.00014560652207680074,-0.00015416674154970547,-0.0001371062192927611,9.575361309296658e-05,0.00017585881973870398
2149,Zakharov Function,3.2455812471448453e-07,65000,65000,0.00038081460544362323,3.2455812471448453e-07,0.0002339164479873245,2.415196083839079e-05,4.6109641507396454e-07,-0.00010559037868559771,0.0001422130353374305,-0.00017550045280167038,2.4897436026181485e-05,-0.00018828641297391965,0.00038081460544362323,-0.00016121556962058313
2150,Zakharov Function,0.0004283134352757432,65000,65000,0.014401859374670884,0.0004283134352757432,-0.002471256706441373,-0.003389279413228708,-0.014401859374670884,0.011553708425011749,0.007015986468643966,0.000690047309640764,0.0004598260641076031,-0.0007069039425603605,-0.0038323247424750634,0.0007988095654103454
2151,Zakharov Function,2.8353839123489716e-05,65000,65000,0.0023092470444670814,2.8353839123489716e-05,-0.0015733095587642586,-0.0016355301699659494,0.001678092514187826,-0.0022857261429558877,0.0013486359023282004,-0.0018729393872920393,-0.0017077557057888215,0.0023092470444670814,0.0011934775692822009,-0.00039645470825255656
2152,Zakharov Function,2.126489733255073e-05,65000,65000,0.003485861821217074,2.126489733255073e-05,-0.0016048830826596904,0.0010339388705977314,-0.001172805442635299,-0.003485861821217074,-0.00011809467598124495,-0.0006496191607241802,0.0001822639152618032,0.0008781793222008838,-0.00022711027823596832,0.0016126358646642537
2153,Zakharov Function,5.713366911832333e-06,65000,65000,0.001180622289330957,5.713366911832333e-06,0.0009130363858000916,0.0005397610552068763,0.0011547229862994396,0.00021943668147478474,-0.001180622289330957,0.0006818776696041816,0.00030414910923273704,0.00043277155976896933,-0.0010177182651238317,-6.156342886416368e-05
2154,Zakharov Function,0.0006004589654328441,65000,65000,0.016209766781357743,0.0006004589654328441,0.001620208781212498,6.162170077127042e-05,0.010006913442045476,0.0007460174617467415,0.004220343939316213,-0.010464393051724731,0.016209766781357743,-0.0031186186116252696,0.0018890512183320062,-0.009589970423003403
2155,Zakharov Function,5.997479852793526e-08,65000,65000,0.0001244192467920876,5.997479852793526e-08,0.0001244192467920876,-7.476553254777719e-06,-5.879735770905652e-05,-6.706612574861879e-05,2.901118448390013e-05,-0.00010000327485087316,7.027621433033412e-05,5.81209462176499e-05,8.72486019323643e-05,-8.534089911225117e-05
2156,Zakharov Function,5.392960582607567e-08,65000,65000,9.968842635936297e-05,5.392960582607567e-08,-5.874926599227141e-05,-9.968842635936297e-05,-7.548989734447564e-05,8.538195539954302e-05,5.54869346297504e-05,-8.612604653911076e-05,-1.8544005326208577e-05,4.680274824856537e-05,-7.447265665211817e-05,8.787902984008574e-05
2157,Zakharov Function,1.6975811174033482e-08,65000,65000,6.582141802879296e-05,1.6975811174033482e-08,-3.0266745930785836e-05,5.323796110055963e-05,4.4872777530681814e-05,1.957260355986858e-05,-4.192648666497512e-05,-3.4115157579267012e-06,-2.4232652614314394e-05,6.582141802879296e-05,-5.137738984678735e-05,-3.0777781098358594e-06
2158,Zakharov Function,0.0011239987429845588,65000,65000,0.016895655944156894,0.0011239987429845588,-0.006404228216396883,0.009435001340479789,-0.006592808741627792,3.230741984720114e-05,0.016895655944156894,-0.010617271193876964,0.013785417299898038,-0.007814729084444902,-0.014595930534414749,0.008948122789904834
2159,Zakharov Function,5.280646200574834e-07,65000,65000,0.00038914835511060826,5.280646200574834e-07,-0.00023839505310229423,0.00023947314219620146,-7.567409032356614e-05,-2.539154600313657e-05,-0.00019906770435763248,-0.00038914835511060826,0.0001839958814700874,4.325240145225666e-05,0.0002314467784922688,4.0971147188288546e-05
2160,Zakharov Function,5.773432258989485e-06,65000,65000,0.0011479826556527136,5.773432258989485e-06,-0.0004509171485616798,0.0011479826556527136,0.0007209121923883556,0.0006902995261984213,0.0010312522109491471,-0.0004008183120265574,-0.0003787792654417967,-0.0009080352859796241,-0.0007107159714837448,0.0005864956772799649
2161,Zakharov Function,0.00021907415628890403,65000,65000,0.007606485174301846,0.00021907415628890403,-0.0005012650381458175,-0.0021246676687595124,-2.2034484829306835e-05,0.0032989912195646558,-0.007606485174301846,0.004689699929137174,0.005091649430443322,0.005582806155207543,-0.00578234447971334,-0.003575085635927745
2162,Zakharov Function,9.075959842510774e-05,65000,65000,0.005358852707778476,9.075959842510774e-05,-0.0024884123241159066,-0.0021475286457145713,0.00438311427198252,-0.000617474604707824,0.005358852707778476,-0.001358468516697406,-0.0026257883807653715,0.0004565533365739865,-0.0030642939665544108,0.0012946627622013498
2163,Zakharov Function,1.594918589610927e-08,65000,65000,5.839783826747692e-05,1.594918589610927e-08,2.1645298272064552e-05,-5.487312455215784e-05,1.0867661031928293e-05,-2.6056791376951474e-05,-5.500392516099546e-06,-2.7175077544324636e-05,5.839783826747692e-05,-1.8662104474084845e-06,-1.772890261227211e-05,-5.310329654612391e-06
2164,Zakharov Function,5.486150265966295e-09,65000,65000,4.762212244880019e-05,5.486150265966295e-09,5.429855430074728e-07,1.096073733059399e-05,-4.762212244880019e-05,-1.7808050486451187e-05,3.7868457128417107e-06,-2.3749682686005795e-05,2.728327965202785e-05,3.616667468071654e-05,-6.903972408775536e-06,-1.0007985017855202e-05
2165,Zakharov Function,4.818472997287765e-08,65000,65000,0.00012262282083249021,4.818472997287765e-08,-6.840889391161148e-05,-1.1827471471177875e-05,-7.952851413590089e-05,-3.1259545241470144e-06,2.7064950218454414e-05,2.2637191428543244e-05,-8.335048071032698e-05,6.699951250188201e-05,0.00012262282083249021,-9.469229636784644e-05
2166,Zakharov Function,1.4444671336688237e-05,65000,65000,0.0019365690689216132,1.4444671336688237e-05,-0.0008767484125926837,-0.000848669225453769,-0.0009621770960213686,0.00092101065798686,0.000325659675673059,0.0019365690689216132,0.0006580888238207018,-0.0001715636226476135,-0.0017837708967314639,0.0005050526076309555
2167,Zakharov Function,0.0001965935263834379,65000,65000,0.008234628762850943,0.0001965935263834379,0.0029695392260734067,-0.0044214875332699004,0.008234628762850943,-0.004098424110328418,-0.004846063238106237,0.0024728018618924283,-0.004395328525746021,-0.0008559443981788263,0.005103270962677258,-0.0006820563758058439
2168,Zakharov Function,1.3141634136865823e-06,65000,65000,0.000613167920479556,1.3141634136865823e-06,0.00018974413869416395,-0.00010153207598535754,0.000613167920479556,-0.000553054849288325,0.0002900904706933941,-0.000221180260363343,-0.00011873606774436235,0.00033557912814552075,-0.0002518835310173475,0.00016470131383449518
2169,Zakharov Function,6.696514228068461e-05,65000,65000,0.004978367507191602,6.696514228068461e-05,0.001609100675146542,0.0007052686255172766,0.0007934365372338564,-0.004978367507191602,0.0009890999589168789,0.004353640220508517,-0.0007415467006494929,-0.0015820159257090684,-0.0017327663456681106,0.002235743714793358
2170,Zakharov Function,4.347479091832731e-06,65000,65000,0.0010748793972853489,4.347479091832731e-06,0.00018322474496277515,-0.0005386273876287622,-0.0005084757082519535,0.0002583315526733016,0.000617666563968394,-0.0001897805078758561,-0.0010748793972853489,-0.0002556508169981132,0.000953796585124656,-0.00016965714383497348
2171,Zakharov Function,8.30658894530985e-09,65000,65000,4.954085391387937e-05,8.30658894530985e-09,1.6404746732593634e-05,-4.709887258530402e-06,4.585553836010755e-06,1.5241099701533242e-05,2.3063114874848247e-05,9.463411855987683e-06,-4.954085391387937e-05,2.8151064689270713e-05,-4.699313640129995e-05,3.374691633586747e-05
2172,Zakharov Function,1.3613216938276093e-05,65000,65000,0.00243895689269274,1.3613216938276093e-05,-0.0004914538240916569,0.000913648156562349,-0.0008661318312758385,-0.00057862736252949,0.0016860859218198274,0.0005172822055129899,-0.00243895689269274,0.0014579971368939256,-0.00044504787408510444,9.681348095133004e-05
2173,Zakharov Function,1.287517668283539e-10,65000,65000,5.868115537370341e-06,1.287517668283539e-10,-1.373948601902534e-06,-8.86567680375257e-07,1.5574527020915118e-06,4.338900470414207e-06,1.1061000930322505e-06,3.3484005252649664e-06,2.816017070521139e-06,-5.868115537370341e-06,9.076505757561224e-07,-1.1602165076791902e-06
2174,Zakharov Function,7.49378162769849e-07,65000,65000,0.0004229429705034405,7.49378162769849e-07,0.0004013811059407614,0.00034442266016598117,5.354288350033871e-05,-0.00039160083024211115,-5.301530092457228e-05,-0.0004229429705034405,-0.00010657180994331063,6.927062343343032e-05,1.3392199348686521e-06,0.0003376797346214477
2175,Zakharov Function,3.4664622463154316e-05,65000,65000,0.002847152398044703,3.4664622463154316e-05,0.002451267131036745,-0.0003537278422610006,-0.0006580523944970992,-0.002847152398044703,0.0024931036283894993,-0.0020498191613783205,-0.0014701764435181663,0.0022399044560024845,0.00026590964217718094,-0.00016014602874127488
2176,Zakharov Function,7.889512465838271e-08,65000,65000,0.00017534624426461531,7.889512465838271e-08,0.00017534624426461531,4.612627785487848e-05,7.25242970793038e-05,-6.0563705473564084e-05,-8.98195248584566e-05,-4.164253849535882e-05,-9.085058079367768e-05,1.761108715482336e-05,-4.162779118971754e-05,0.0001255667438400922
2177,Zakharov Function,1.954082108095578e-06,65000,65000,0.0008222463864134557,1.954082108095578e-06,0.0004953939350436699,-0.0003811781105004052,-0.00022173450530144794,-0.0002229498347184178,-0.0005626764603769809,1.6761509049153874e-05,0.0008222463864134557,0.0003686275273593874,-0.00031480553112954153,-0.0002202001277148728
2178,Zakharov Function,4.6366220134075537e-07,65000,65000,0.0004101082674501505,4.6366220134075537e-07,0.00011274643291878781,-0.00039592370586304565,0.0004101082674501505,7.247306210084187e-05,-4.416546905241333e-05,5.2687574055955866e-05,-0.00027797588477220696,4.736665473042659e-05,9.320662907192972e-05,-5.250386787970802e-05
2179,Zakharov Function,8.056739795717198e-06,65000,65000,0.00145017116373194,8.056739795717198e-06,0.00021517379108781205,0.0005306515061150392,-0.0014110894767773096,0.0004265594356551842,-0.0009367561538402738,0.0014159489953334812,0.00017450314384636354,-0.00145017116373194,0.0007217094480558362,0.00013632324841825172
2180,Zakharov Function,4.911728211397998e-10,65000,65000,1.3293023349627878e-05,4.911728211397998e-10,6.871855101301188e-06,-1.3293023349627878e-05,-6.877898968807272e-06,-2.51335668876745e-07,2.409938698791044e-06,4.904499896099967e-07,6.4987255432370466e-06,2.1490813523860484e-06,-2.540022080030703e-06,1.1767488368308862e-06
2181,Zakharov Function,2.4777600684458796e-07,65000,65000,0.0002975080175494273,2.4777600684458796e-07,0.0002720621873736092,-5.781488203082105e-05,-4.638301712631622e-05,-0.00010489682905508808,-0.00017842996036151717,-1.3989325382018886e-05,3.644073419391809e-05,0.0002975080175494273,-0.0001694903374862031,1.0681508381250252e-05
2182,Zakharov Function,1.884790574168968e-08,65000,65000,9.772827487428056e-05,1.884790574168968e-08,-5.686525083183886e-06,2.6507926161094755e-05,-9.772827487428056e-05,-6.72413897346575e-06,4.3455584890083547e-05,6.061938441336217e-05,-2.4496134075072798e-05,-3.6246723290951036e-05,2.7857168548463233e-05,-1.1951280322004746e-05
2183,Zakharov Function,8.977421411230983e-07,65000,65000,0.0006769156773577252,8.977421411230983e-07,0.0002765039788944751,0.0001101859221853647,-0.00014309951812554311,0.00011259243700072717,0.00028655402449988065,-1.7486148173003938e-05,-0.0006769156773577252,0.00025305413968552883,3.969143957518343e-05,0.00012933090918777824
2184,Zakharov Function,3.010530800367638e-06,65000,65000,0.0009374313286406144,3.010530800367638e-06,2.9729958183129506e-05,-0.0007332288474385369,0.0008684989900185278,-0.0009374313286406144,5.7104217851555196e-05,0.0004397128210031052,-0.0006447014019382979,0.00047448301086630215,2.601432395251088e-05,8.25519991778218e-06
2185,Zakharov Function,3.889779778838624e-06,65000,65000,0.0011316720990281592,3.889779778838624e-06,-6.389838819914162e-05,-0.0005964542873045255,0.0005504839307910876,-0.00044732757219028384,-0.0011316720990281592,0.0003848507066270434,0.0008174067669150765,0.0007283252964622881,-0.0005928924169045992,-0.00017351276868916214
2186,Zakharov Function,2.75919406343775e-06,65000,65000,0.0007031286716101572,2.75919406343775e-06,-0.0007031286716101572,0.00022643450372045876,-0.0006709061121538116,0.0006956649775115211,-0.0006752047191137245,-0.0002374172073221323,0.0002896996622988493,5.8581730304351214e-05,0.00067196977258935,-0.0004553157752248315
2187,Zakharov Function,7.394279487398097e-06,65000,65000,0.0015326041616208759,7.394279487398097e-06,0.0005160545402595482,-1.8315903014977874e-05,-0.0002924252736946531,0.0015326041616208759,0.0004303124062575367,-0.000971540666370087,-2.8708523988388605e-05,-0.0001505526353719144,-0.0009974040142758695,0.0010695250771222424
2188,Zakharov Function,3.7211616531179674e-08,65000,65000,0.00010226842853088575,3.7211616531179674e-08,4.136320017266374e-05,-6.200304695524512e-05,-2.7887636620593982e-05,5.985858742620873e-05,-8.611260434967857e-06,-0.00010226842853088575,6.318700625171267e-05,-1.8131963556386352e-06,-7.542311206525497e-05,8.40739922105299e-05
2189,Zakharov Function,1.7477562638040615e-07,65000,65000,0.00023638808166316562,1.7477562638040615e-07,0.0001814901758417817,5.3202015582496797e-05,0.00011744200429139075,0.00023638808166316562,-6.254046653241912e-05,3.182548257969509e-05,0.000150986704015885,-0.00012291358868661475,-0.0001600900893471835,-1.4809324240981076e-05
2190,Zakharov Function,0.0011060905128386673,65000,65000,0.021143463378563983,0.0011060905128386673,0.008301708171064699,-0.003783789281292419,0.006798026739131164,-0.005920289201024078,-0.0007906365532840236,0.021143463378563983,-0.00035223984376936976,0.006140567481294521,-0.00880932246472477,-0.005014132054460082
2191,Zakharov Function,1.2455270113208863e-05,65000,65000,0.0019963215548337576,1.2455270113208863e-05,0.0019963215548337576,-0.0012493088495739266,0.0017122960277658134,0.00032361062552251215,-0.001532094391689972,0.0006552562791014484,0.0002683960183434977,-0.00011016747789264472,-0.00032056690415519916,0.00015683233762391188
2192,Zakharov Function,9.511896538194574e-08,65000,65000,0.00014851851516159062,9.511896538194574e-08,-3.8660207594292314e-05,-0.00012760854606884165,-4.134050786037186e-05,-0.00012185920932796403,-4.297640429330408e-05,-0.00011943640034410672,0.00014851851516159062,-8.053961390151958e-05,6.903774903362635e-05,9.257906585443223e-05
2193,Zakharov Function,7.566461614600849e-08,65000,65000,0.0001476912198215617,7.566461614600849e-08,2.7093541302256402e-05,-6.105573240410896e-05,0.00011358561172459365,0.0001476912198215617,3.7757726943570624e-05,7.573217872198731e-05,-6.092052296043072e-05,-0.00011471211861270283,-3.3386872987153177e-05,-4.7850222247297495e-06
2194,Zakharov Function,4.097767948427888e-08,65000,65000,9.870631745442654e-05,4.097767948427888e-08,2.579905708279391e-05,3.774630881394222e-05,-4.003337450632672e-05,-6.418116517670341e-05,-1.4358305945975721e-05,-5.643099797581863e-05,4.169340814984539e-05,2.081848424089586e-05,-9.870631745442654e-05,9.224684961124733e-05
2195,Zakharov Function,4.3703726644191497e-07,65000,65000,0.00037441278898135916,4.3703726644191497e-07,0.00013049690994544906,0.00037441278898135916,-9.340777019439961e-05,-1.2394299536317018e-05,3.651531014781414e-05,0.0003301484446727152,0.00010247784317774738,-0.0002826485782029216,0.00013097702144258453,-0.00022426796217907215
2196,Zakharov Function,1.0246963611225196e-08,65000,65000,4.623181324598928e-05,1.0246963611225196e-08,3.460873335073503e-05,3.442873671315892e-05,-1.6017805471756438e-05,-4.623181324598928e-05,7.3835373464372505e-06,2.3698515551227444e-05,-2.7610930812115646e-05,4.074332652735142e-05,2.1961149620674305e-06,-2.8270960864013577e-05
2197,Zakharov Function,3.879106648114529e-07,65000,65000,0.0003978389835694457,3.879106648114529e-07,-0.0003978389835694457,8.044234041595618e-05,-0.0001938648780643109,-8.849573236304715e-05,-0.0001252028803432458,4.4832112079691035e-05,6.747175958915791e-05,0.0001454818876418136,-0.00024358279661663236,0.00023626956312103277
2198,Zakharov Function,1.0862303969239759e-09,65000,65000,1.634530389013803e-05,1.0862303969239759e-09,-7.524985940544156e-06,-2.8338731768648107e-06,1.0253481203072003e-05,4.864538070206156e-06,1.634530389013803e-05,3.368647119996767e-06,1.3174445046052084e-05,-1.4926948832117475e-05,-2.686462566633332e-06,-6.127705856805315e-06
2199,Zakharov Function,0.00018064316924920254,65000,65000,0.006485014661575115,0.00018064316924920254,-0.00409538276092751,0.005137275559122131,-0.0023889235310861224,-0.006485014661575115,0.0031910417237541924,-0.0028591565456922916,-0.0014646667024650478,0.0031878241021697203,-0.004435917701095986,0.0043817512366429515
2200,Zakharov Function,0.00012198610177282226,75000,75000,0.008712194731516612,0.00012198610177282226,-0.00402379196750818,-0.0014509815275475014,-0.0012374431392175502,0.001073082518084563,0.008712194731516612,0.001642024743846658,-0.00012270211101050507,-0.0035978055462935954,0.001022852207507759,-0.0023139648094790536
2201,Zakharov Function,2.4061066638965534e-07,75000,75000,0.00025396226942197913,2.4061066638965534e-07,-1.2318485683332405e-05,0.00011731456434380997,4.197423001162031e-05,0.00025396226942197913,2.85087827302323e-05,-3.163837680777755e-05,-0.00011310661911783932,8.475765945137646e-05,-7.819662260078082e-05,2.273367636044788e-05
2202,Zakharov Function,2.1316042595195595e-10,75000,75000,8.074722911355365e-06,2.1316042595195595e-10,7.792827868764393e-07,-3.8518230409179294e-06,-9.667564624991968e-07,3.8256704982946455e-06,1.8461675554799047e-06,-6.680005022496391e-06,1.1111809040993525e-06,4.859252292494134e-06,5.955843158570599e-06,-8.074722911355365e-06
2203,Zakharov Function,6.786590835332988e-07,75000,75000,0.0004658716244706197,6.786590835332988e-07,0.0003722165647019562,-0.00035428028342895723,0.00014916213340550192,-4.077884805895395e-05,0.00025169946618402864,2.7502702949962828e-05,-0.0004658716244706197,0.0002919240021793645,-0.00013014779830308856,6.030796521895621e-05
2204,Zakharov Function,2.1721267621868714e-07,75000,75000,0.00024568440555708696,2.1721267621868714e-07,-7.094170452715635e-05,3.935169785064757e-05,-0.0001746907265645941,-3.522759560196617e-05,-7.927280065830998e-05,0.00024568440555708696,-0.00017702364223307426,6.041015052255165e-05,0.00021461854363043523,-0.00016951233313678262
2205,Zakharov Function,3.669043918969881e-08,75000,75000,0.00010050140816501212,3.669043918969881e-08,-2.742117133633178e-05,-7.967294952595102e-05,0.00010050140816501212,-6.360224755105952e-05,-3.1887926126134835e-05,5.7984410658983434e-05,-3.436547775795618e-05,-1.200423853517096e-05,8.604550420610924e-05,-4.52683710263148e-05
2206,Zakharov Function,7.28886365799238e-11,75000,75000,4.749830676042645e-06,7.28886365799238e-11,1.7421586519146167e-06,5.114079847236974e-08,4.749830676042645e-06,-2.899457773442008e-06,-4.604266340460454e-06,-1.3603760407303508e-06,-1.3304749381581052e-07,3.5419352941593013e-06,1.2707363140153073e-06,-1.2637114245829766e-06
2207,Zakharov Function,8.935390597931003e-08,75000,75000,0.0001781826472299371,8.935390597931003e-08,-0.0001719361937427702,6.593532723710074e-05,6.082133728889258e-05,-3.8621714303463446e-05,-0.0001781826472299371,-3.0396432668898788e-05,-3.409200675164926e-05,-2.5480915264296187e-05,0.00010448318868468495,4.881352864566795e-05
2208,Zakharov Function,2.5941770327085665e-08,75000,75000,7.525755073446486e-05,2.5941770327085665e-08,-8.494943581102256e-06,-1.1356106210411601e-05,-7.525755073446486e-05,1.2430394107396472e-06,-6.397594107945327e-05,6.406903537558163e-05,4.52770578762983e-05,-7.057346073131033e-05,5.619584256214787e-05,1.152240942244453e-06
2209,Zakharov Function,3.6860957544313647e-08,75000,75000,0.0001285083217677857,3.6860957544313647e-08,5.9378718619284345e-05,0.0001285083217677857,2.4446615361469655e-05,-8.852951676151114e-05,1.2895581041679615e-05,1.902044126111798e-05,-6.648052749108961e-05,-2.0170014937838196e-05,2.1768523083726025e-05,2.9826172637789855e-05
2210,Zakharov Function,6.671512565403043e-07,75000,75000,0.000293466282160858,6.671512565403043e-07,0.00028411733360383636,0.0001336976485820577,-0.000293466282160858,0.000261092715161141,0.0002437427627222193,0.00019527052521050995,-0.0002883369169600853,-4.841605459839234e-05,-0.0001193473804887108,-5.511182914379729e-05
2211,Zakharov Function,3.293790036736488e-05,75000,75000,0.003313777914294225,3.293790036736488e-05,0.0006420594080665484,0.00021101814303493946,0.003313777914294225,-0.0014785447071419902,0.0013665351474696974,-0.00038881361230451135,0.002307191984858615,0.0011760229972122426,-0.003113466304097595,-0.0005603227587567875
2212,Zakharov Function,4.567033101409762e-08,75000,75000,0.0001248610098868298,4.567033101409762e-08,-3.294524075107022e-05,6.111637478995577e-05,-8.09916553314616e-08,-9.456819254471466e-05,-6.868441039900533e-06,-0.0001248610098868298,0.00011300257395222205,2.256531014827057e-07,-2.1159243007422024e-06,3.881414684218279e-05
2213,Zakharov Function,2.5083511767253233e-09,75000,75000,3.56035801114045e-05,2.5083511767253233e-09,-7.3656213748522965e-06,-1.345909643347228e-05,4.2491071137364795e-06,3.56035801114045e-05,1.5757683700781427e-05,-2.8460440449026216e-06,-6.561240430618259e-06,-1.250672711359807e-05,-1.7889132702554614e-05,1.3512692603506057e-05
2214,Zakharov Function,1.5143926380493431e-05,75000,75000,0.002419563929285642,1.5143926380493431e-05,-0.00023663011939978389,-0.0007740113494770987,-0.0008306967396401409,0.0004174969887169091,0.001977878801072151,0.0007896655822798311,0.00031164900876722143,-0.002419563929285642,0.0014412737899833351,-0.0008864751670381273
2215,Zakharov Function,1.7512005378975705e-06,75000,75000,0.000756039426966158,1.7512005378975705e-06,0.0004004147577927772,-0.00042641296350064904,0.00036220185357194905,0.0004396478878230261,9.312718410990942e-05,-0.000756039426966158,0.000312455400992672,-1.0939619777660357e-05,0.00020447595832940262,-0.00010735121111845355
2216,Zakharov Function,7.332220265856931e-07,75000,75000,0.0005376323485657272,7.332220265856931e-07,0.0003101255817265756,0.00011123434328356497,0.0005376323485657272,-0.00010912582648091429,-0.0003167974913601937,-0.00041730935917485786,7.670151008149435e-05,0.0001129163260636159,8.165422061445082e-05,4.965734858668885e-05
2217,Zakharov Function,8.37274276440891e-07,75000,75000,0.0006585864051868747,8.37274276440891e-07,0.00019547350179666205,0.00029275036307354653,0.00019263847243466145,-0.00014291281432756613,0.00015477072440830736,0.0002771255184484424,-0.0006585864051868747,9.399224647905547e-05,-0.00017602657145518246,0.00017705894296297578
2218,Zakharov Function,7.802682032025453e-06,75000,75000,0.001919782175456462,7.802682032025453e-06,0.000300181219557904,-0.00042309358315883116,-0.001529239623028999,0.001919782175456462,-0.0003291423697635346,-0.0009873653457866853,0.00019869383271469803,-6.878713237964057e-05,-0.00016485643872986413,0.0005870038980180141
2219,Zakharov Function,8.996188206155624e-09,75000,75000,4.876975140866517e-05,8.996188206155624e-09,-2.9995214290947888e-05,2.4597310047449454e-05,4.876975140866517e-05,-3.9620268224223455e-06,-3.909342641961113e-05,-3.364793948945208e-05,9.124752925986403e-06,-1.6980565045340077e-05,4.459107676706053e-05,-7.152275854795504e-06
2220,Zakharov Function,1.751054582490183e-06,75000,75000,0.0010133747525913597,1.751054582490183e-06,-7.031669852774005e-05,-0.00012866544555771337,-0.00024381850064899603,-0.0004885090650716715,-0.0005038163045755363,-0.0003073846596652885,0.00017378183481629985,0.0010133747525913597,-3.93680390163582e-05,-0.0001513497314631058
2221,Zakharov Function,0.00021256528609821455,75000,75000,0.009454342145847932,0.00021256528609821455,-0.00036197242077842915,-0.0009990264055258391,-0.003025185862212879,0.009454342145847932,-0.00013822306815479456,-0.007125952779941462,0.006996628784056437,-0.001334669374133126,-0.003141192975205558,0.0008750844409570162
2222,Zakharov Function,8.800992986247018e-06,75000,75000,0.0015898594346987465,8.800992986247018e-06,-0.0008730333636799872,0.0009114091517207977,-0.0008890594731063004,-0.0007126305774762421,-9.366784743586255e-05,0.0014577861178039055,0.0008212283724981697,0.0005306980147580753,-0.0015898594346987465,0.00016346726903976034
2223,Zakharov Function,0.0033311234271626968,75000,75000,0.04192153387596404,0.0033311234271626968,0.01606089021903727,0.004688348055929995,0.01981953182812129,0.010874224419923816,0.014821279677027729,-0.04192153387596404,0.014527939218752117,-0.0020281880089229763,-0.015548677375516792,0.01029749646780326
2224,Zakharov Function,1.6653398766723306e-09,75000,75000,2.1619234180557586e-05,1.6653398766723306e-09,2.1619234180557586e-05,1.3517085470617779e-05,1.60007475539339e-05,-1.333178801403598e-05,-4.58373864558522e-06,6.372333981518855e-06,3.2256826510660636e-06,-2.0621930565017043e-05,5.184919070587095e-06,4.868196937670756e-06
2225,Zakharov Function,0.0001533948741848185,75000,75000,0.009705371375128401,0.0001533948741848185,-0.0005233448254698466,-0.0014958476229521456,0.0047594871191216255,0.002278819846960183,-0.0005991683480904954,-0.009705371375128401,0.005058193273777005,0.0011555298924855084,0.0005726192853540525,-0.0006678143344078352
2226,Zakharov Function,1.601575423142723e-07,75000,75000,0.0002492640897651384,1.601575423142723e-07,0.00011427028275229952,-0.00010509856793268791,-0.0002492640897651384,7.546087933143879e-05,-0.0001534237171883744,5.347567430428809e-05,2.8309690948632364e-05,-0.00013926683356290924,5.910968784755313e-05,0.0001330959729715473
2227,Zakharov Function,2.1507599501715458e-05,75000,75000,0.002750295767199057,2.1507599501715458e-05,0.002750295767199057,2.986858990442127e-05,0.0009501956204184796,-0.0009728656301182276,-0.0001344280701089329,0.001352311232649437,0.0016294596309539685,0.000573253181799824,-0.000746268590933929,-0.002140229715129727
2228,Zakharov Function,4.99380009455961e-07,75000,75000,0.00042599419144827386,4.99380009455961e-07,0.0004136737624997551,-0.00042599419144827386,-0.000206592790916241,-8.070865789646586e-05,1.690591021700094e-05,-5.8414810350995446e-05,0.00022825131851940964,1.1566779024162043e-05,-0.00011010695462461786,6.275822121355352e-05
2229,Zakharov Function,3.113345697887961e-10,75000,75000,1.200728096669532e-05,3.113345697887961e-10,-3.975960998633703e-06,-5.326696213738566e-06,-6.921378851197102e-06,1.200728096669532e-05,6.443484403483897e-06,-2.1091473429930782e-06,-4.1726323446201375e-07,1.1550263450442491e-06,1.4426304562726378e-06,-4.973836805164692e-06
2230,Zakharov Function,3.56427577408295e-06,75000,75000,0.0009375378801795551,3.56427577408295e-06,-0.00044265453863845297,0.00038070988381593907,-0.0009375378801795551,0.0008129769248410145,0.0009359839686089884,-0.00020104912102367312,-0.0006815782504016512,-0.0004414148319216091,0.00015847889160092643,0.000278483637390384
2231,Zakharov Function,1.0085489369630022e-06,75000,75000,0.00045518367235834354,1.0085489369630022e-06,-0.000337884850421702,0.00045518367235834354,9.163336073246981e-05,0.000289031988966363,0.0001911670451263571,-0.00017124303099527922,-0.0002345809502814877,0.00025126194485758716,-0.00034029107681153624,0.0001789182254688577
2232,Zakharov Function,9.827900849163698e-07,75000,75000,0.00048060711689952833,9.827900849163698e-07,-0.00028941859273631863,-0.00029757639824179113,-0.0003074041372668347,0.0002335010535598097,-0.00021833044750478985,0.0002647833884591742,0.00021881866951574462,0.00048060711689952833,-0.00021930272405409288,-0.00036140128190718815
2233,Zakharov Function,0.0005332863887730796,75000,75000,0.014986367353789158,0.0005332863887730796,-0.005844655936929599,-0.007510947208055797,0.0038577944568568513,0.014986367353789158,-0.0028871736582999543,-0.002461634685462729,-0.000491090054404348,0.010772772607803027,-0.0023417809327014975,-0.007834852595882779
2234,Zakharov Function,1.8732484198472707e-06,75000,75000,0.000826617610032137,1.8732484198472707e-06,0.00010908692724869229,-0.00041350460642815246,-0.000826617610032137,-0.0006595407033447727,0.00014566364505115244,-0.00011574841545993278,0.00041153515382512146,-4.0262626435985226e-05,0.0005697206117212755,-0.00019843433426006325
2235,Zakharov Function,9.863227762008673e-10,75000,75000,2.0711790306293334e-05,9.863227762008673e-10,-8.673055735896079e-06,-5.727737239097154e-06,-9.703294262418218e-06,9.834954414166215e-06,-1.4069438643317653e-06,6.733713334247775e-06,-3.140752633924524e-06,-2.0711790306293334e-05,1.3169254804453702e-05,3.847086824109556e-06
2236,Zakharov Function,6.88367511240652e-07,75000,75000,0.0005310478318242033,6.88367511240652e-07,-0.0005310478318242033,-0.0002468861368499379,0.00020440538043657808,2.243334650760411e-05,0.00023876423755208524,-0.00028009749815742415,-0.00031315233165106276,-2.2874331952223831e-07,0.0002132726134041161,0.0001263526792006631
2237,Zakharov Function,1.3398443209400035e-07,75000,75000,0.00020551907988484118,1.3398443209400035e-07,-2.5701550100608494e-05,-0.00013399713045874668,-4.639818974234357e-06,-0.00020551907988484118,9.684552545294087e-05,0.00011294161786875346,0.00020331949581550344,-7.24310075081521e-05,-3.2448560472538855e-05,-5.4660794258422095e-05
2238,Zakharov Function,1.7975195372061214e-06,75000,75000,0.000629982347564612,1.7975195372061214e-06,0.0004605843925824948,0.00010838133515817081,-0.000629982347564612,0.0006119839846926552,-0.00012117783086962964,0.0005717580155761192,-0.0005492460337563937,5.478579605487897e-06,-0.00020547355052201395,9.328352841707378e-05
2239,Zakharov Function,5.80381678290045e-07,75000,75000,0.0004949718259693694,5.80381678290045e-07,-2.5541115101471206e-05,9.63392197620371e-05,-8.415507542464511e-05,4.93002834937974e-05,-0.0004949718259693694,-3.3198174723915366e-05,0.00017863904264929704,-7.605182936614693e-05,0.00017832913911751142,0.00012725371944342467
2240,Zakharov Function,1.051673921734679e-05,75000,75000,0.0023165041782251287,1.051673921734679e-05,0.000801052055554832,-0.0011358264838907828,0.0023165041782251287,-0.00017269068683231268,6.622990401720111e-05,0.001157008818081947,0.00034429215586269336,-0.001245750607808256,-6.162289026970187e-05,-0.0004086867845480754
2241,Zakharov Function,5.871138608186639e-06,75000,75000,0.0012548128220635382,5.871138608186639e-06,-0.0012548128220635382,0.00020511519014095617,0.0008712517815509648,0.0008617172372126854,0.0008478546588210041,0.00020380999217119058,-0.0009368035445759303,0.0006855405484899565,-0.0005869197838095562,-0.00048379003675303204
2242,Zakharov Function,4.653881531397458e-05,75000,75000,0.0033484952209626795,4.653881531397458e-05,-0.002485387436367046,0.0014646874904091557,-0.001305356806168249,-0.0030298928149788736,0.0016027212334142702,0.0016805161974249411,-0.0010269131000827008,-0.0015486573513148498,0.0033484952209626795,-0.001721599470612148
2243,Zakharov Function,3.926428035864123e-06,75000,75000,0.0015842347938116266,3.926428035864123e-06,0.00027951871001116686,-0.0005531883081876141,1.1222193432557266e-05,-0.0015842347938116266,6.259824628589454e-05,-0.0002504606402799769,-4.229527522712985e-05,0.0007753371371967469,-0.00031300925346264925,0.0005111213245275552
2244,Zakharov Function,2.8034148930951154e-07,75000,75000,0.00038166468775204974,2.8034148930951154e-07,-0.00019921197670040428,-9.723098143978707e-05,-0.0001173866686003196,0.00038166468775204974,-4.571901797618189e-05,-0.00013945290874851657,-0.00012781662646877215,-7.521137806117278e-05,4.351914756234703e-05,0.00015086899227559542
2245,Zakharov Function,9.567674049873172e-06,75000,75000,0.0015227096976414404,9.567674049873172e-06,-0.0010137734150617269,-0.0011310612556880515,-0.0007165208902193348,-0.0015227096976414404,-0.0002958731690048775,-0.000761628293123849,-0.00032891469706473073,0.0006753505004004899,6.341201294245103e-05,0.0011092776003401323
2246,Zakharov Function,2.1362785042068405e-06,75000,75000,0.0012993262926872028,2.1362785042068405e-06,0.00012836657562453947,0.0001511151925228197,0.00010670109629892738,0.00024718346933997313,-0.0012993262926872028,6.249516118182104e-05,0.00041870210918106693,-0.0002399832755733747,0.00029198306996889564,8.992883345647613e-05
2247,Zakharov Function,1.322287506188232e-07,75000,75000,0.0002205533475751976,1.322287506188232e-07,-0.00012506666817276008,-5.05185784534966e-05,-2.8877275454209343e-05,0.00013020723644542793,4.857854026945292e-05,0.0002205533475751976,1.633510385856383e-05,-0.00016039285047048075,-4.160484439728859e-05,3.3574270222335433e-06
2248,Zakharov Function,3.2745771172727256e-09,75000,75000,4.280370700744525e-05,3.2745771172727256e-09,-1.5950863731274865e-05,1.1433553532227687e-05,1.0138914646008648e-05,-8.913934934072185e-06,1.0134517217166538e-05,6.698590910573874e-06,1.1925129338121673e-05,1.8706171405578472e-05,1.3135078825216674e-05,-4.280370700744525e-05
2249,Zakharov Function,2.450831235230654e-08,75000,75000,7.74953610072476e-05,2.450831235230654e-08,-1.6649084482122754e-05,-4.530908965259905e-05,5.849993947844377e-06,-4.621112370190852e-06,-7.578856426788922e-05,2.251860742260428e-05,-2.8455094088200716e-05,7.74953610072476e-05,3.0869013841660584e-05,-4.967154234357851e-05
2250,Zakharov Function,2.9431107917199537e-08,75000,75000,0.00013168572078696783,2.9431107917199537e-08,5.351629297297995e-05,-1.92664377912034e-05,-1.6972817277127538e-05,-0.00013168572078696783,2.0682837432705784e-05,5.238568088609515e-05,6.0946886276809696e-05,7.77939127091185e-06,-9.93984144848185e-06,-3.0344632763931275e-05
2251,Zakharov Function,4.294715707875021e-08,75000,75000,0.00012856583151216443,4.294715707875021e-08,-4.9841947481051664e-05,4.583136975465127e-05,0.00012856583151216443,3.5355341869560363e-06,4.194168050469563e-05,-3.5644319307291965e-05,-9.048294214945245e-06,-2.230053765096227e-05,-0.00010928134647828653,7.233701460239322e-05
2252,Zakharov Function,4.138545213437306e-08,75000,75000,0.00010459791172641308,4.138545213437306e-08,-7.080408738898608e-05,3.087700944640253e-05,1.109722132655198e-05,6.253059670479716e-05,0.00010459791172641308,-4.0085314276274445e-05,-4.822473551860401e-05,-1.60355533198183e-05,-5.070561205815727e-05,1.329223944375769e-05
2253,Zakharov Function,5.885521622339286e-07,75000,75000,0.00044440195510181413,5.885521622339286e-07,-0.00013574370672696028,-7.949033814803083e-05,0.00011108538034246547,0.0002421721684940422,0.0003653014751801161,3.4465396863531637e-06,0.00010279227819946795,-8.674842065846506e-05,-0.00044440195510181413,3.648083633723931e-05
2254,Zakharov Function,1.535519876325155e-08,75000,75000,6.396963662506672e-05,1.535519876325155e-08,-3.581060244820193e-05,-5.72840223105965e-05,-3.0419558057663914e-05,3.596876589130061e-05,-6.396963662506672e-05,8.702844564189623e-06,1.501764905257571e-05,-4.279893663952509e-05,3.7284119136875106e-05,2.8911543821234818e-05
2255,Zakharov Function,1.2021857690575426e-08,75000,75000,5.332241139050235e-05,1.2021857690575426e-08,-3.0313578034943647e-05,-5.332241139050235e-05,2.9068533129634542e-05,-2.5483006283577533e-05,3.126751467913725e-05,-3.5457147092135905e-05,-2.5369786121505173e-05,-3.568095537128668e-05,3.6193179056634236e-05,3.5665235497568554e-05
2256,Zakharov Function,3.613559352579574e-06,75000,75000,0.0010071477371071096,3.613559352579574e-06,-0.00012161636172057586,-0.0001609136885569665,-0.0003302907038561471,0.000980341510568593,0.0003755689665806333,-0.0008995934859203879,-0.0010071477371071096,0.0003170133099593851,-9.167811917791581e-05,0.0005740454734424302
2257,Zakharov Function,4.489534809348272e-08,75000,75000,0.0001275778999963664,4.489534809348272e-08,-1.641641389023163e-05,-0.0001275778999963664,9.822116310920688e-05,-6.957721863731335e-06,2.1704688860495644e-05,1.0312173025130599e-05,-7.398904297836216e-05,-6.301263315194583e-05,9.254905018784456e-05,7.218703768500229e-07
2258,Zakharov Function,3.303371937169102e-08,75000,75000,0.00011175340312613073,3.303371937169102e-08,-0.00011175340312613073,4.242342902880682e-05,1.748885171014529e-05,-5.561048673999845e-05,4.646798141362662e-06,-7.038577453712776e-05,5.9694191449676724e-05,7.328441612452092e-06,-5.3193349539627484e-05,6.18326133516588e-05
2259,Zakharov Function,3.1509105058952816e-08,75000,75000,9.075322127520285e-05,3.1509105058952816e-08,3.151998892867518e-05,-7.678715522751222e-05,6.803204669778879e-05,-1.472527601430537e-05,7.895861797350197e-05,-2.4877961677735755e-05,-8.654793563962632e-06,-9.075322127520285e-05,6.618628644260376e-05,-1.0038762821408007e-05
2260,Zakharov Function,2.4195408544553144e-08,75000,75000,0.00011348760166731439,2.4195408544553144e-08,3.90559228221958e-05,4.247785731553442e-05,-1.1478811846991117e-05,1.7888162144320244e-05,-2.0979919548466e-05,-4.0397504836850613e-05,-0.00011348760166731439,4.224044659825161e-05,5.639473604459075e-05,9.469140188349035e-06
2261,Zakharov Function,2.9244148002162676e-06,75000,75000,0.0010449911415015408,2.9244148002162676e-06,-0.0003693919913394949,0.0006312968908978058,0.000213016266556822,-0.00042622396638837003,-0.00016691600756034083,-0.0010449911415015408,-0.000544778904764654,0.0007340570612715599,0.0001715092413478291,0.0003105170077910849
2262,Zakharov Function,5.9787388261622196e-06,75000,75000,0.0015802968043770117,5.9787388261622196e-06,0.0006870534814900472,-0.0008199041932317749,0.00017665992922124142,-0.0004612041072676149,-0.0015802968043770117,-0.0003461957894680323,0.0004232604411811378,-0.00039929749171878554,0.0012155381777867204,0.0002198002539653793
2263,Zakharov Function,3.532764267492271e-06,75000,75000,0.001018508160137532,3.532764267492271e-06,0.000743417784568431,-0.0008786712106925113,0.0002153183392463885,0.00030985159772979907,0.00010699806109562435,-0.00032987974735975074,-0.0008489838628493856,0.001018508160137532,-6.875459562199018e-05,-0.00017894502269871632
2264,Zakharov Function,0.00010370573650808531,75000,75000,0.007060483106710267,0.00010370573650808531,-0.0021116456462142133,-0.00043559462970889243,-0.00010018362722170155,-0.0006763211099386869,0.003319312739565634,0.007060483106710267,-0.0008789153458578069,-0.004810070587822145,0.0023303438935295944,-0.0027502500401454452
2265,Zakharov Function,5.705123736007305e-07,75000,75000,0.0003673583965515899,5.705123736007305e-07,0.00014144150720461779,-0.0003427923733684131,-2.3942700087405503e-05,0.0003673583965515899,-0.00013134918586347056,-0.00033272799702484734,8.144826367613417e-05,9.794531008707624e-05,5.973770787621487e-05,6.704747006693555e-05
2266,Zakharov Function,2.1555467037049668e-07,75000,75000,0.0003946823861323469,2.1555467037049668e-07,9.723870814738422e-05,7.190665065868406e-05,-3.8621227524173596e-08,-5.3256546761973567e-05,1.9409631068685965e-05,0.0003946823861323469,-3.641930864887888e-05,-0.00013509902623779922,-0.00013794159558344027,1.9301631796361603e-05
2267,Zakharov Function,1.876982400644348e-07,75000,75000,0.0002246818524769854,1.876982400644348e-07,0.0001604757490608789,3.428551743009909e-05,7.545488747459015e-05,-4.787169120890755e-05,0.0002246818524769854,-0.00019738324583123474,-0.00014126170681439169,8.835552843504456e-05,7.458064969755672e-06,3.810143365086894e-05
2268,Zakharov Function,5.619000545557954e-08,75000,75000,0.00014214271506662792,5.619000545557954e-08,-3.610224427607223e-07,-3.212062645978156e-05,-6.386992302693536e-05,1.1121827659806268e-05,-4.49130867902812e-05,1.4281525377450198e-05,-6.934610441934361e-05,0.00014214271506662792,1.1807637857418174e-05,-6.825078321529032e-05
2269,Zakharov Function,2.9485774229248238e-05,75000,75000,0.0023554691049691772,2.9485774229248238e-05,-0.0013421022435919565,-0.0023554691049691772,-0.0005780093676649141,0.00021333689533711397,-0.0017870762857634024,-0.0015726510058963984,0.0016564619180842845,-0.0003809160578241086,0.0021547950347257276,0.00031799682894189914
2270,Zakharov Function,4.0905215513514136e-07,75000,75000,0.00027239241138814695,4.0905215513514136e-07,0.00027239241138814695,-0.00019035732794516706,-1.4691311989904965e-06,-1.6078835645503875e-05,3.9410081358282074e-05,-0.000247329526775688,-0.0001847785595027818,0.00014432457545253955,0.00026706851287618913,-1.4006958783662423e-05
2271,Zakharov Function,6.196575746433727e-06,75000,75000,0.0011523734098416417,6.196575746433727e-06,0.00010077752236139012,-0.0004100305986799502,-0.0009685679670627381,-0.0005494246484941272,0.0009869539457841316,0.00019062928405123468,0.0006368118366276096,-0.0008685873347635144,-0.0010951506131557027,0.0011523734098416417
2272,Zakharov Function,5.38989005714133e-09,75000,75000,3.989834971854278e-05,5.38989005714133e-09,-1.0044811007900486e-05,1.779251776501433e-07,3.075062988249496e-05,3.989834971854278e-05,-3.140874377821479e-05,1.8717171883720274e-05,-1.5078454032764802e-05,-8.032797860529454e-06,1.482520882488911e-05,-2.0497689013367903e-05
2273,Zakharov Function,7.578889355109385e-06,75000,75000,0.0016992282233190433,7.578889355109385e-06,0.0009569757086489248,0.0016992282233190433,-0.0002626923253252097,9.40481422249922e-05,0.0007306029706842741,0.0003074519714050452,0.00010993347891222172,-0.0008987559108218756,-0.0007610799126096435,0.00012562739863571443
2274,Zakharov Function,2.1945498484176304e-09,75000,75000,2.3539794088714648e-05,2.1945498484176304e-09,1.2794779113033136e-05,6.981550386568925e-06,5.455322691751909e-06,-1.3376468236178782e-05,-2.3539794088714648e-05,2.1144252414653875e-05,-8.29068676623151e-06,2.1302556706930528e-05,-8.704566725397781e-06,-6.486319992178871e-07
2275,Zakharov Function,1.4900057167559878e-07,75000,75000,0.00021429401096352123,1.4900057167559878e-07,-2.7393068270728955e-05,-0.00021429401096352123,1.5805289334075523e-05,-8.45148270884222e-05,0.00012023502889932011,0.0001307503320681744,0.00017156495495418265,-2.8607871542298453e-06,-0.00017837115281226748,-2.8433760105740984e-05
2276,Zakharov Function,1.173867658178724e-08,75000,75000,6.657625374823796e-05,1.173867658178724e-08,2.620593889518442e-05,-1.0126591295368879e-05,-6.657625374823796e-05,1.1942436949664307e-05,-9.859553084362887e-06,5.365508838933312e-05,1.9273789156018504e-05,-4.698525186187058e-05,8.091102957750938e-07,5.074423656933406e-06
2277,Zakharov Function,2.4361249033243785e-07,75000,75000,0.00029433716084200224,2.4361249033243785e-07,1.342247807577803e-05,3.371837294768328e-06,-0.00029433716084200224,8.875658041765018e-05,-9.67497610480543e-05,7.693149530179774e-05,0.0002591228735186812,-7.35754689351144e-05,-0.00017899050590203033,5.9640489656669654e-05
2278,Zakharov Function,5.9671670886132835e-06,75000,75000,0.001358359765480973,5.9671670886132835e-06,-0.0007182643503254656,-0.001358359765480973,-0.000325817833517148,0.001150691165643336,-0.0012240806202088721,1.2006111672336153e-05,1.8565405007281126e-05,0.0008104978269268426,-0.0001233971416763368,2.222328338897096e-05
2279,Zakharov Function,0.00010873864246008997,75000,75000,0.005597912799657389,0.00010873864246008997,-0.0019151280484257039,-0.00028217448802732564,1.812350894790345e-05,0.0006703025215849664,0.0019719253515085326,-0.005394409167671295,0.005597912799657389,0.004768229183024075,-0.003074753776799205,-0.002811192643936489
2280,Zakharov Function,9.428001186321519e-08,75000,75000,0.000264223501174946,9.428001186321519e-08,9.403715113050676e-06,-5.129707665470752e-05,1.3217825848353291e-05,0.000264223501174946,-0.00012147914699172585,2.7350041121493567e-05,2.7126512528492314e-05,-6.054869009809873e-05,-2.8353139667864084e-05,-6.746883963913738e-06
2281,Zakharov Function,5.252398397067295e-05,75000,75000,0.004663063574534749,5.252398397067295e-05,-0.001003990303652399,0.002085901231021564,-0.0003536760349230226,-0.000598888246944743,-0.0014287586589749194,0.0003890899769731647,0.004663063574534749,-0.0038508289784050013,-0.0018125358184424775,0.002072993503419584
2282,Zakharov Function,6.672819688200766e-09,75000,75000,6.158237590698532e-05,6.672819688200766e-09,7.81035098884586e-06,-2.6572827895247273e-05,1.9703131134255474e-05,-1.2738526265458599e-06,2.662279713880359e-05,6.158237590698532e-05,-1.3344126478897901e-05,-1.5795268275081438e-05,-5.749267037265241e-06,-2.3278449819441802e-05
2283,Zakharov Function,4.318420870688787e-05,75000,75000,0.003307408900140618,4.318420870688787e-05,-0.00036128063024128826,-0.001768130611379524,0.0013451308482273377,0.0020978341969997817,-0.0031996870947204837,-0.0006302503077779825,-0.003307408900140618,0.0023886951828501653,0.002405369219975817,-0.000510523733532157
2284,Zakharov Function,8.180987129869809e-07,75000,75000,0.0005357126279703356,8.180987129869809e-07,-0.00010852029078069184,-5.091260915096626e-05,-0.00034057133639473587,0.00016553621574238965,-7.290506440068155e-05,-5.801926095705805e-05,0.0005357126279703356,0.00019157103698184876,-0.0002347951149048422,-8.562941680751906e-05
2285,Zakharov Function,4.704705516150723e-07,75000,75000,0.00042972016252556297,4.704705516150723e-07,0.00042972016252556297,-0.00014874687659988605,0.00025026417110207266,-1.2331715438777287e-05,-0.00032518538307094207,1.166671137225065e-05,-1.5076049355194562e-05,-8.624566851491385e-05,0.0001452434789991281,7.056335522263068e-05
2286,Zakharov Function,1.4104434149131487e-07,75000,75000,0.00017160400091785434,1.4104434149131487e-07,-0.00011681893659599583,-3.826826900487956e-06,-9.310759652207909e-05,0.00014220668494859467,2.4872692680732924e-05,-0.00017160400091785434,-0.00011859798570996457,7.910519258085394e-05,-3.9519935769825166e-05,9.012463691536108e-05
2287,Zakharov Function,9.587027635877638e-08,75000,75000,0.00020398275242859291,9.587027635877638e-08,-0.00017543808656343305,-2.5801715217915877e-05,-5.3716189598489305e-05,-1.5417008967301455e-05,1.4025046265406547e-05,-0.00020398275242859291,-6.334856289565361e-06,0.00012060944764680513,1.607265611812523e-05,6.024157804293274e-05
2288,Zakharov Function,4.6779308338255263e-07,75000,75000,0.00037410856814223996,4.6779308338255263e-07,-6.913861951102259e-05,0.0002964374013935511,-0.0002963598500855351,0.00037410856814223996,-0.00018563419127085823,-0.00013066976278498343,-3.502040890616152e-05,5.7712699511971465e-05,-0.00015831186931677206,0.00013514792294492333
2289,Zakharov Function,3.3931294702323574e-07,75000,75000,0.0003320913072028841,3.3931294702323574e-07,5.269014812873127e-05,0.0003320913072028841,-8.681629668827427e-05,-1.4665859918834764e-05,-0.00018072064860185359,-0.00017950725902945877,0.00019348795146095356,-0.000211718014013866,-6.929354540642341e-05,0.0002575525771037296
2290,Zakharov Function,3.941749548546304e-07,75000,75000,0.000300441245900558,3.941749548546304e-07,0.00014619955786064935,6.599209538568721e-05,-9.080147918840638e-05,0.00012166185597450152,-0.0001278197753743321,-0.0002495757868772326,0.00024840572656916545,-9.986397047226006e-05,0.000300441245900558,-0.00024281276718619426
2291,Zakharov Function,3.370245192261366e-09,75000,75000,3.0325232990643158e-05,3.370245192261366e-09,2.5664503236437646e-05,-1.4349361462580896e-05,-3.0325232990643158e-05,2.8132214346241807e-05,1.3086908751068682e-05,2.5939974863667496e-06,-1.0531419775909353e-05,1.776063179724e-06,-1.8564325869542004e-05,1.189791033403168e-05
2292,Zakharov Function,1.8462538136601595e-08,75000,75000,6.220642137054319e-05,1.8462538136601595e-08,1.1198807601643461e-05,7.626002252289133e-06,-5.1782197414973535e-05,-4.29154519336216e-05,3.600059358307826e-05,2.3749851795072135e-05,-1.0490534407691745e-05,6.220642137054319e-05,-2.982716831806551e-05,-1.008262202259231e-06
2293,Zakharov Function,1.1731781636446134e-06,75000,75000,0.000762986250640695,1.1731781636446134e-06,0.0004018172556300507,-0.00021284164254272315,-2.644318125375657e-05,0.0004144036853131176,1.0291972921935074e-05,0.0002769246022690363,-0.000762986250640695,-0.0001245156678631661,0.00029201931484397286,7.774355466161441e-05
2294,Zakharov Function,1.558514846686583e-08,75000,75000,8.270114657104639e-05,1.558514846686583e-08,1.9989009877677607e-07,-1.4832034866754005e-05,3.5397239838264242e-06,2.2330342489635422e-05,8.270114657104639e-05,-1.9305215041805725e-05,-6.303565537495669e-05,1.940074925480142e-06,4.805511057784182e-05,-3.64245830575451e-05
2295,Zakharov Function,1.32354651422764e-09,75000,75000,1.8683040178629155e-05,1.32354651422764e-09,3.666861322120667e-06,1.445844408829813e-05,4.143016057229045e-06,3.7025673170562716e-06,1.8683040178629155e-05,1.2282083331527282e-05,-7.600268837467914e-06,-1.7671813518873466e-05,-8.38899852341229e-06,6.223675099983438e-06
2296,Zakharov Function,3.0840471341675394e-08,75000,75000,0.00011879452221701662,3.0840471341675394e-08,5.128731236576136e-05,4.547940197720604e-06,0.00011879452221701662,-5.726621895134218e-06,-7.838663782107816e-05,4.2668924261230185e-05,5.604204186177406e-05,-3.2576603560133277e-05,-1.859542005302304e-06,-3.130980130201714e-05
2297,Zakharov Function,1.252639922434506e-06,75000,75000,0.000879099267597064,1.252639922434506e-06,0.000879099267597064,-0.00022155389827406438,3.0100061519651376e-05,0.00011552028171119412,-0.00042180795820525376,2.905021544664498e-05,0.00012800669342109247,0.00031422272338283965,3.8910175804037525e-05,-0.00031212964971362564
2298,Zakharov Function,6.834919366381254e-07,75000,75000,0.0004274588784535519,6.834919366381254e-07,0.00017199638587459605,3.973721283596953e-05,-0.00033276554321047416,-0.0001761560843576357,0.0002728740576499999,0.0004274588784535519,-0.00042228934438056124,-9.078603673095474e-05,-0.00011115771222379107,0.00019480946893153986
2299,Zakharov Function,2.077514195632011e-08,75000,75000,0.00011288220512102416,2.077514195632011e-08,-1.9013145454110794e-05,-6.582025792478998e-06,3.722922282069246e-05,0.00011288220512102416,3.036261891608862e-05,2.1441938930500376e-05,1.922419454124176e-05,-5.796286974305217e-06,-3.823582966285111e-05,-5.444294280857144e-05
2300,Zakharov Function,1.184777752524374e-08,80000,80000,8.148946748971062e-05,1.184777752524374e-08,-3.563947760880384e-05,8.148946748971062e-05,-2.1506503311377704e-05,2.2682417631644823e-05,1.1994415948483e-05,-2.2126892233409783e-05,-1.7351389964196897e-05,-3.5642551606225386e-06,3.6335949065839105e-05,-2.6222722328914575e-05
2301,Zakharov Function,4.412514851892393e-06,80000,80000,0.0012473753583101986,4.412514851892393e-06,-9.518373206478513e-05,0.00010836522397243638,0.0011391173287951498,-0.0012473753583101986,-6.3647912116833e-05,-0.0010506051053917303,0.00018448359332154016,0.0004496809070787826,7.651844802605839e-05,0.000169627430827308
2302,Zakharov Function,9.182560862814562e-08,80000,80000,0.00015695468174656307,9.182560862814562e-08,-6.682610658373259e-05,4.7771870071076005e-05,7.089426253935143e-05,-3.677605186878512e-05,-7.434598962205164e-05,0.00015695468174656307,4.795422369407019e-05,-0.00013812857682998634,-3.5256565097750145e-05,1.0103568244870356e-05
2303,Zakharov Function,6.451963868309919e-07,80000,80000,0.0006691543478637577,6.451963868309919e-07,8.316978737906808e-05,0.0006691543478637577,0.00014628364892619412,2.0613063160771542e-05,3.981433370996726e-05,0.0002590432076699005,-3.737464822344869e-05,-0.00014208401281556445,-0.0002419492294342087,1.5986460984398988e-05
2304,Zakharov Function,6.300823322393218e-07,80000,80000,0.0003740064354564608,6.300823322393218e-07,-0.0001556903630473206,0.0003740064354564608,-0.00023101420870327974,0.00036722188493056295,-2.257805779795651e-05,-2.1382612594236344e-05,-0.00026225834592266483,-0.0003144607784828119,0.0003066258471040801,6.707201255694192e-05
2305,Zakharov Function,5.272821318986216e-10,80000,80000,1.4506826366999893e-05,5.272821318986216e-10,2.977292232630903e-06,-3.2856871830491753e-06,-1.4506826366999893e-05,-1.3632643610912e-06,5.6561142132304765e-06,9.859971356643119e-06,-4.4433487555629095e-06,-9.927853114320728e-06,1.7293196776721306e-06,6.4008033291019915e-06
2306,Zakharov Function,9.07051166863605e-09,80000,80000,6.500098921101849e-05,9.07051166863605e-09,-6.500098921101849e-05,-2.3114288641729464e-05,1.7078691724190512e-05,-4.7867817197613867e-05,1.4316532763186577e-05,9.583759148546972e-06,-1.331006469270137e-05,2.671501354540024e-05,-1.3929463813279977e-05,9.520990392419602e-06
2307,Zakharov Function,4.4248416392015134e-08,80000,80000,0.00016018653481319806,4.4248416392015134e-08,-0.00016018653481319806,-6.475500617233571e-05,-7.929914401550171e-05,-6.880542411930794e-06,3.8476175664095644e-05,-7.060926103704524e-07,6.674622931702383e-05,-3.887430915228832e-05,1.2474507015130807e-05,5.728120300420636e-06
2308,Zakharov Function,1.1385086205203778e-07,80000,80000,0.00019867111520518625,1.1385086205203778e-07,-0.0001735162755806596,-0.00010107275050220019,7.299213199696258e-05,2.840990176714767e-05,0.00019867111520518625,-6.848135315667446e-05,-0.00011288536526009925,8.512984852071889e-05,-5.6421099687437356e-05,7.2533905272483364e-06
2309,Zakharov Function,1.9907659539412507e-08,80000,80000,8.249350198673381e-05,1.9907659539412507e-08,-8.249350198673381e-05,-4.0224131302196844e-05,1.4715226574905468e-05,-5.034469818765116e-05,-2.620034484585833e-05,-4.248795372077414e-05,3.0279417850189737e-05,-5.626241849357269e-06,7.083804997466824e-05,-1.2106427940589888e-05
2310,Zakharov Function,8.189549998809938e-06,80000,80000,0.0014940239898517558,8.189549998809938e-06,0.00040954274424088923,-6.821591593120279e-05,-0.0006232669507798353,-0.00037564166536630753,-0.0014940239898517558,0.001097939725744246,-0.00026802117582429936,0.0013242675220158876,0.00026082069911705053,-0.00042737859261793065
2311,Zakharov Function,1.7946666564745226e-06,80000,80000,0.0010701023166879234,1.7946666564745226e-06,0.0010701023166879234,-5.474035622601923e-06,0.00021986867891651309,0.00019016427388097155,-0.00026836926756465204,-0.0001772148051198861,0.00036957950725390965,0.0001657664732516805,-0.0005213150210035627,3.9321979138475145e-05
2312,Zakharov Function,4.720905818814819e-08,80000,80000,0.00014998806359693164,4.720905818814819e-08,-2.616482241514094e-05,-0.00014998806359693164,2.746263368312819e-05,5.849933289125175e-05,5.7110026381162744e-05,8.75600835603474e-05,-6.137118518201609e-05,2.4804323085065844e-05,-5.9016563790415156e-05,2.6025264318401295e-06
2313,Zakharov Function,1.7579145423698728e-06,80000,80000,0.0007094558944143245,1.7579145423698728e-06,-0.0007094558944143245,-0.00012286013627890388,0.00042675261450441016,-0.0003699338920613209,0.00039395969604957604,0.0006702410405756644,-0.00015789223652040737,6.795720544574925e-05,0.00011335834794378306,-0.000496617604785337
2314,Zakharov Function,4.102940489204911e-09,80000,80000,4.9486177238278016e-05,4.102940489204911e-09,-3.018022580411271e-06,2.747597845601217e-05,-4.9486177238278016e-05,-6.877407012019039e-06,8.134192393118385e-06,-1.5407979242218824e-05,1.2660330063763434e-05,-9.738309335624546e-07,8.056387772412295e-06,5.603474215721645e-06
2315,Zakharov Function,2.0825165072075264e-08,80000,80000,7.827910741618948e-05,2.0825165072075264e-08,4.1164079236292455e-05,-2.02651457525742e-06,-7.278074180837866e-05,2.7975180159420167e-05,-2.4798319903398322e-05,1.1008477139883336e-05,1.1828281699852856e-05,-1.5619410459411215e-05,-7.298315073909353e-05,7.827910741618948e-05
2316,Zakharov Function,3.502657589825506e-12,80000,80000,1.1487103465798107e-06,3.502657589825506e-12,8.018506346654181e-07,1.435568660767414e-07,1.8881356431153095e-07,-1.6881167510494193e-07,-6.148383098805603e-07,-5.98116464517768e-07,8.6396729371864e-08,1.1487103465798107e-06,2.726206558788015e-07,-5.385875344114345e-07
2317,Zakharov Function,5.216627252859528e-05,80000,80000,0.0056818737313863495,5.216627252859528e-05,0.0005044877324644577,-0.0012557470373253145,-0.0002148933946365916,0.0015839450847791544,-0.003310973900450676,0.0056818737313863495,0.0005145040550012202,-0.0018449145874070098,-8.920051021110785e-05,-0.0009258423455248276
2318,Zakharov Function,1.8988643169509176e-05,80000,80000,0.002567878266684721,1.8988643169509176e-05,0.0005987936607084602,-0.002567878266684721,0.0013976202238965751,0.0004740884616364024,-0.001791748358269854,-0.0017590189750224857,0.0006817046901714571,-0.000887925243209771,0.0008457768074213202,0.001257969928352312
2319,Zakharov Function,2.252621639809521e-09,80000,80000,2.548471577531198e-05,2.252621639809521e-09,-1.2060098474301702e-05,-2.090484412101104e-06,1.0242878549918675e-05,-1.9614188514296095e-06,6.478249233271763e-06,-2.2483784245141912e-05,-6.955376390001935e-06,2.548471577531198e-05,1.027394728316334e-05,-1.0567871275188846e-05
2320,Zakharov Function,6.198112908047984e-07,80000,80000,0.0003686942720094861,6.198112908047984e-07,0.00032572840448796174,-4.654802804303934e-05,-0.00034192606960880363,-7.20522698265556e-05,-0.00024205724593743597,-0.00016524176838338524,0.0003686942720094861,-0.0001298867713543082,-0.00013446493462762363,0.0002404340844116743
2321,Zakharov Function,6.678771942958441e-07,80000,80000,0.0005740906760909475,6.678771942958441e-07,9.632161111814379e-06,0.00022259451700775698,5.469214549338924e-05,-0.0002918372392198291,-6.673612200711716e-05,-0.00018087565876908062,0.0005740906760909475,-9.636881002938623e-05,-0.00011709867344195805,5.1566228528272465e-05
2322,Zakharov Function,7.209669109932604e-09,80000,80000,7.207286244383202e-05,7.209669109932604e-09,-1.412316862667694e-05,7.207286244383202e-05,-3.0356979494035677e-07,2.1462256250536034e-05,1.0812147730178155e-05,1.287911681004679e-05,-2.8035628256647662e-05,-2.8510289761485242e-06,-1.1776781651799785e-05,2.3608085563281986e-07
2323,Zakharov Function,1.7451441993557164e-08,80000,80000,6.74813515638537e-05,1.7451441993557164e-08,-6.74813515638537e-05,-2.109987873181591e-05,-5.666097114371591e-06,1.853990062872843e-05,-1.8415244488805983e-05,-5.25067140356481e-05,-2.1149912501829665e-05,2.1441830411694273e-05,-3.326636038238528e-05,6.248740244306272e-05
2324,Zakharov Function,1.2478515833839896e-05,80000,80000,0.001919360509841949,1.2478515833839896e-05,-0.0013149544804000658,-0.0002375679856253029,-0.0014878538295791637,-0.0009710104114011849,0.001919360509841949,0.0010630010358550837,-0.00035425863587390007,9.666344208162167e-05,0.000891527639370877,-0.0012883603824581902
2325,Zakharov Function,2.2997451092835707e-08,80000,80000,9.271777948847701e-05,2.2997451092835707e-08,-3.0361676055162884e-05,9.271777948847701e-05,1.6419601586770616e-05,5.3845048481970185e-05,6.607612110221243e-05,-1.3319573826566673e-06,-1.2667322264112347e-05,2.6321078702531675e-05,-5.19581701604788e-05,-4.3926460539789605e-05
2326,Zakharov Function,1.470343232285131e-10,80000,80000,6.064256118614195e-06,1.470343232285131e-10,6.064256118614195e-06,-1.2525769808235778e-06,-3.510286580980187e-06,-1.7369044633567131e-06,-4.826574214340889e-06,2.9851344626888075e-06,5.696438449443836e-06,3.6078167314829683e-06,-2.0078008845345196e-06,-2.613688058050064e-06
2327,Zakharov Function,5.352850919012067e-07,80000,80000,0.0003804977094657783,5.352850919012067e-07,-0.00025800719545375923,-5.415961122872752e-05,-7.505504520031046e-05,-0.00035545719965763894,0.00029063059804052026,-0.0001903717257375334,0.0003804977094657783,-3.5287855079668776e-05,0.00010267021580220791,-0.00011912977806290535
2328,Zakharov Function,1.4381526278765214e-07,80000,80000,0.00021088303725052236,1.4381526278765214e-07,-7.078560950945172e-05,-0.0001012300537380718,9.215503509021731e-05,-3.590800651024428e-05,0.00016593700299990968,-0.00021088303725052236,-0.00011529942284611192,-8.365999690076358e-06,-4.017119828778293e-05,0.00017719418413053022
2329,Zakharov Function,9.45461574149357e-09,80000,80000,5.0298399769321215e-05,9.45461574149357e-09,4.38607637111859e-05,-3.2168569133448385e-06,-4.047163993111801e-05,-4.215425225185141e-06,-4.679621895965667e-05,-2.019662618250433e-05,-1.2991908885237808e-05,5.0298399769321215e-05,5.9660906619942314e-06,1.2913028393605856e-05
2330,Zakharov Function,1.294947273264159e-05,80000,80000,0.0025195309717085212,1.294947273264159e-05,0.0008272863742047204,9.799297543223643e-05,-0.0004847455717333923,0.0004039459008216733,-0.0014525099146038463,0.0025195309717085212,-0.0017912062351102824,0.0004192191287303113,7.694727236453829e-05,-3.677619329129256e-05
2331,Zakharov Function,8.54633558110011e-08,80000,80000,0.00018011000658302962,8.54633558110011e-08,0.00018011000658302962,1.3901025068534272e-05,0.00010631322525215547,-4.215688072371666e-05,-5.341399379131821e-05,0.00014007684268456597,4.1597570241468427e-05,-5.0469252941019056e-05,-9.324705730470978e-06,-5.3458283881795027e-05
2332,Zakharov Function,2.1669619122078403e-09,80000,80000,2.6000195010164828e-05,2.1669619122078403e-09,-9.71019735300466e-06,4.777182278952723e-06,-1.591008682591018e-05,2.6000195010164828e-05,-1.3754176599224862e-05,-7.8500591070884e-06,-1.1036839633890329e-05,-7.292488377143963e-06,-1.2637866757856041e-06,2.3173371106335227e-05
2333,Zakharov Function,5.489060461510751e-10,80000,80000,1.4338900019650784e-05,5.489060461510751e-10,9.174892372537973e-06,-4.107218254550301e-06,-2.0943282599051865e-06,1.1011431762048963e-06,1.4338900019650784e-05,4.417958390653073e-06,4.995437732260569e-07,9.582365151459376e-07,2.1246417069153333e-06,-1.3720351782323956e-05
2334,Zakharov Function,3.7013618337248544e-08,80000,80000,0.00014892765833687937,3.7013618337248544e-08,3.3435777057062014e-05,6.95997798916277e-06,0.00014892765833687937,-4.4147956418063477e-07,5.5171123351210096e-05,-4.2513405037050155e-06,-3.2149133195233156e-06,-7.359409577201197e-05,4.665584448430073e-05,-5.12690271053991e-05
2335,Zakharov Function,7.099816223944391e-06,80000,80000,0.0017245268556554155,7.099816223944391e-06,-0.0017245268556554155,-0.00025504929454026656,-0.0007781004889172347,-0.0007033357727383105,-0.000550444171441834,-0.0005067223424177864,0.001254116385828763,0.0002070557871599761,-0.0003934430993830926,0.0007021797721702356
2336,Zakharov Function,7.841090621200395e-06,80000,80000,0.0017435447239091384,7.841090621200395e-06,0.0005921867386185887,0.00015987708569236306,0.0009773361408648036,-0.0017435447239091384,0.0001455278278186196,0.0007398916599356236,-0.0015365000468733439,0.0005576545114251814,0.0004287842618471828,-2.7783822594414868e-06
2337,Zakharov Function,2.2828171748362255e-06,80000,80000,0.001140282434835696,2.2828171748362255e-06,0.0002348349533286672,0.001140282434835696,-0.0005083648384249515,3.971925928246338e-05,0.00031859257494450826,-0.00037864650707828513,6.075896004478422e-05,-0.0005776687312690268,0.0002222729633154788,0.00014934897599951015
2338,Zakharov Function,1.527451720012341e-09,80000,80000,2.169167960331187e-05,1.527451720012341e-09,9.038944679117913e-06,-2.169167960331187e-05,1.4267627560498846e-05,-9.254188505941464e-06,-4.81546091262847e-07,1.2844655972585473e-05,-8.04826939608684e-06,1.6698431757591425e-05,-6.621844321412698e-06,-8.034254960336261e-06
2339,Zakharov Function,3.551197819665775e-07,80000,80000,0.00048222079477568743,3.551197819665775e-07,-0.0001534239776625688,2.836342592624665e-05,-9.430552093744394e-05,-4.215274294236404e-05,-6.0276044124575796e-05,-3.2975976638770604e-05,0.00048222079477568743,-0.0002529908632281921,-9.487990569738354e-05,6.919447247583809e-05
2340,Zakharov Function,8.950473844900943e-10,80000,80000,2.0710183570573107e-05,8.950473844900943e-10,1.1246578558634913e-06,3.3596328790335217e-06,5.059404112371367e-06,-1.4247302630513652e-06,-1.3784919275712547e-05,3.7332044267835163e-06,2.0710183570573107e-05,1.2261093999706958e-06,-2.3504443218990193e-08,-1.0421055239895233e-05
2341,Zakharov Function,3.925724629810502e-08,80000,80000,0.0001076814904537522,3.925724629810502e-08,-9.349460136095346e-05,-4.5475698219344085e-05,-3.8614330276147977e-05,0.0001076814904537522,-7.30356619681935e-05,1.6876754740316593e-05,2.3062638415088342e-05,-2.668564729615421e-05,-5.79182838896526e-05,7.158024052153283e-05
2342,Zakharov Function,2.785127121740579e-05,80000,80000,0.0023290600347626537,2.785127121740579e-05,-0.0008183086921316553,0.001753903579836558,0.0005467278978318394,0.002285030074800458,-0.0004780419232764002,0.0019149595239426212,0.0023290600347626537,-0.0016535076598019113,-0.0013555036837818368,-0.000955657592116185
2343,Zakharov Function,0.00011234155354481551,80000,80000,0.005938594842240161,0.00011234155354481551,-0.0021348781623235736,-0.0003625626826699079,7.016213538374666e-05,-0.003509031804662874,-0.0018118271082120808,0.005549271411626317,0.0006791545455324523,0.0043115190384483155,0.0018216443436016839,-0.005938594842240161
2344,Zakharov Function,1.3724318652918021e-09,80000,80000,1.638492139478662e-05,1.3724318652918021e-09,1.638492139478662e-05,-1.6259065208522218e-05,1.569880402432284e-06,1.024490776329233e-05,6.358360045555351e-06,-1.0829510715609866e-05,-4.5615079674397304e-06,-1.0785690324918928e-06,1.526228275467084e-05,-1.1972297663761805e-05
2345,Zakharov Function,1.1561323994174193e-05,80000,80000,0.0022106843249505076,1.1561323994174193e-05,-0.0002746418346479592,-0.0008731974431974497,0.0012927487400581769,-0.0007796111600915333,0.0003336078272698495,-0.0008042769541206265,-0.0022106843249505076,-6.039327944377265e-05,0.001522063021037059,0.000598288080554836
2346,Zakharov Function,5.722943950702173e-09,80000,80000,3.943949073565891e-05,5.722943950702173e-09,6.2042414033248865e-06,3.425065180938848e-05,-3.943949073565891e-05,2.136740055386558e-05,-1.1857168705731482e-05,-1.117204786478356e-05,-1.238416998545595e-06,-5.020135287301507e-06,-2.0239647598290108e-05,3.6017970182097926e-05
2347,Zakharov Function,1.8048802571720342e-06,80000,80000,0.0006510815795698333,1.8048802571720342e-06,0.0004877942736068385,0.0004874621013501838,-0.0005523720394849682,0.00047305684585054414,0.0006510815795698333,-0.0001524222398113233,-0.00038775562140898275,0.00018923816874582547,-8.518701663111578e-05,-0.00026673269641168125
2348,Zakharov Function,3.985948438981607e-09,80000,80000,3.940524383330075e-05,3.985948438981607e-09,2.481248397595097e-05,-2.3558759938753385e-06,1.1605220579847317e-08,-6.133136631634111e-06,8.42531086594494e-06,2.667436310708611e-05,2.052165902781499e-05,-3.940524383330075e-05,-1.2324829430197638e-05,4.480157078812967e-06
2349,Zakharov Function,3.2331940421402156e-09,80000,80000,2.8110983119683617e-05,3.2331940421402156e-09,-5.670034893588542e-06,1.4455626001575402e-05,2.8110983119683617e-05,3.316292167526497e-06,2.451655856354056e-05,-1.557438538207049e-05,3.5568159471876245e-06,-3.055019149882757e-06,1.1031308148196636e-05,-1.9191382056784558e-05
2350,Zakharov Function,8.607310827856426e-09,80000,80000,4.0679005754042934e-05,8.607310827856426e-09,-1.9036561120116665e-05,6.084440625275104e-06,-3.721326216328812e-06,-1.193151927074918e-05,-4.0679005754042934e-05,8.42884362682135e-06,3.643201277766735e-05,3.8077686262519625e-05,-3.168187044062511e-05,4.457081129302357e-06
2351,Zakharov Function,8.092803786971087e-09,80000,80000,5.1421160787470084e-05,8.092803786971087e-09,-1.604048913685498e-06,-3.257130591811573e-05,-1.8262717176565567e-05,-5.316429533224582e-07,-5.1421160787470084e-05,6.620262868659034e-06,-6.765707870472473e-06,-1.4946585438686823e-05,3.385621445743473e-05,1.0357536530974293e-05
2352,Zakharov Function,8.759591153498886e-09,80000,80000,7.386596642379036e-05,8.759591153498886e-09,1.6867977433133088e-05,1.1782391439361454e-05,-3.173035321463546e-05,7.386596642379036e-05,-1.561254347128337e-05,-2.9682059357529886e-05,1.5738382815621864e-05,-5.7372704906784476e-06,-1.790106805009813e-05,9.793788669093864e-06
2353,Zakharov Function,4.6052012846197075e-09,80000,80000,4.4155375769101605e-05,4.6052012846197075e-09,1.3715958721165556e-05,-6.981031432702337e-06,2.0483617941857183e-05,1.4854402319678257e-05,1.9319917913712713e-05,-2.4495813132443348e-05,4.4155375769101605e-05,-5.446178386026011e-06,-8.559837753824358e-06,-2.6377889113812544e-05
2354,Zakharov Function,1.1605263607292696e-09,80000,80000,1.8711665505974382e-05,1.1605263607292696e-09,1.5165500523556392e-05,-3.630383234142247e-06,-1.8711665505974382e-05,-2.1228683629330778e-06,6.620730674309216e-06,-5.97748864076003e-07,6.0194409288009795e-06,-1.3375935973496034e-05,8.201065664835397e-06,4.749418841316139e-06
2355,Zakharov Function,1.23873548294409e-10,80000,80000,6.7275748109679635e-06,1.23873548294409e-10,2.2897176745443227e-06,-6.7275748109679635e-06,-2.801560411596739e-06,5.569210424949838e-06,-3.8329517661727195e-06,-2.2384996859492557e-06,1.3247373410814016e-06,-8.47592109067225e-07,3.9070979048768564e-07,2.8035783502123996e-06
2356,Zakharov Function,1.889662839795262e-09,80000,80000,2.4425481333898e-05,1.889662839795262e-09,-1.6049565322220678e-05,-6.9523198488467665e-06,-4.457032069015098e-06,-1.2767693861681768e-05,1.969227802518233e-05,2.4425481333898e-05,-4.749441065868221e-06,1.0480548307240084e-05,-1.0669288184975252e-05,-8.547758493317059e-06
2357,Zakharov Function,7.62186366755453e-08,80000,80000,0.00018827127320468717,7.62186366755453e-08,-6.314730210946732e-05,-8.862502751280714e-05,-5.83388213643803e-05,8.886408728836574e-05,-2.8753249654417094e-05,-2.2121290285480305e-05,2.9798621833711437e-05,-9.428734047459946e-05,0.00018827127320468717,-8.082102227101876e-05
2358,Zakharov Function,5.331143474816681e-08,80000,80000,0.00012821994683798454,5.331143474816681e-08,0.00011092172098223059,3.2667795226076155e-06,5.2513855788122404e-06,-4.829691501924752e-05,-5.0491152690547856e-05,-4.103300429278878e-05,7.915915491423318e-05,7.260399099314979e-06,-0.00012821994683798454,0.00010603108117405354
2359,Zakharov Function,7.653243244426974e-06,80000,80000,0.0013655502842947454,7.653243244426974e-06,-0.0013506312305788287,-0.0010192945056070554,-0.0008481164159361478,-0.0013655502842947454,0.00014625885017777878,0.0007381627784155795,0.0009062631063251688,-0.0003289691404671618,-0.00014050641870230415,0.000218450291772445
2360,Zakharov Function,1.7502310406134822e-06,80000,80000,0.0007664859140840499,1.7502310406134822e-06,-0.00031560978305018096,-0.00014686122501343825,0.0007664859140840499,3.539285245877206e-06,0.00034546351646228647,-0.00026531299320866475,-0.00024364952170252414,-0.00018283247579833006,0.0001308697966914996,0.00018338139201830208
2361,Zakharov Function,7.745091275275388e-09,80000,80000,5.3074007272142416e-05,7.745091275275388e-09,1.4004015945192995e-05,3.139709115728308e-05,-5.3074007272142416e-05,1.4766139021257343e-05,-1.5343779128492865e-05,2.001549355654421e-05,2.0839265542983986e-05,-9.435090705949554e-06,1.5486410150729478e-05,-1.4197873250019662e-05
2362,Zakharov Function,2.2280911330091467e-08,80000,80000,6.74132451393067e-05,2.2280911330091467e-08,-2.6006143454113532e-05,-4.691684552943498e-05,6.494524660002229e-05,2.218007973436285e-05,-5.545014757415615e-05,-6.74132451393067e-05,-4.812049291001736e-05,2.025167767317169e-05,1.6430654586242967e-05,4.5542485224670426e-05
2363,Zakharov Function,9.536321237718617e-07,80000,80000,0.0005550895728388744,9.536321237718617e-07,0.0003522926833760047,7.379960216018021e-05,0.00036834770022955705,-0.0005550895728388744,-0.0004939920993870743,4.357148219666696e-05,3.3430993116935243e-06,-0.00013000399265008318,0.0001728417172264464,0.0002576159366345478
2364,Zakharov Function,1.0793134221577329e-09,80000,80000,2.1143271802206776e-05,1.0793134221577329e-09,-3.902153316728285e-06,-1.9633674101838453e-05,-7.051401858133733e-06,1.0721642176491506e-06,2.488962393330957e-06,9.698865130388461e-07,3.2793954119295038e-06,2.1143271802206776e-05,-8.911474302323836e-06,-5.564661715664675e-06
2365,Zakharov Function,1.8772257898867722e-06,80000,80000,0.001005155923529548,1.8772257898867722e-06,0.00017299850119974398,-0.0001430045174373465,-3.436363744779691e-06,2.9646810354356406e-05,0.0002893413854668467,0.001005155923529548,-0.000529290209700915,-0.0002607692151762079,-0.0003803967469014546,0.00025733026592048534
2366,Zakharov Function,1.4006051196139384e-09,80000,80000,2.0808186649521432e-05,1.4006051196139384e-09,1.3148824701357786e-06,-6.579303373046464e-06,2.0103030014038022e-05,-2.0808186649521432e-05,-1.3372315532197486e-06,1.737570543733321e-05,1.2456035969403314e-06,3.1435987848830476e-06,-4.100898105976702e-06,-8.16554611279181e-06
2367,Zakharov Function,4.43763474009159e-06,80000,80000,0.0016397702609793991,4.43763474009159e-06,2.3409284251626921e-07,-8.132945517018951e-05,-0.0003347782353552661,0.0003509137471178264,0.0008616945604625482,0.00014462857198932802,0.0002469422445714837,-0.0016397702609793991,-0.00019777606012216136,0.0006958295395318942
2368,Zakharov Function,1.0519427725508214e-05,80000,80000,0.002009470041000486,1.0519427725508214e-05,-0.00020882593815692687,-0.0019823178076342697,0.0006035779130958909,0.002009470041000486,-0.00016608236344692443,-4.149473893854088e-05,-0.0003956917453059256,-0.0009747496787907064,0.0008780671284280193,-9.768029166483923e-05
2369,Zakharov Function,9.167374934708595e-09,80000,80000,7.464181002349516e-05,9.167374934708595e-09,9.914480060993772e-06,1.6314824962855505e-05,-3.2067033873692415e-05,-1.2898694303569472e-05,-2.2252729630124632e-05,7.464181002349516e-05,4.2752461645757075e-06,2.535074718210056e-06,-3.59167748583088e-05,6.8537759619031055e-06
2370,Zakharov Function,3.8999288067417996e-08,80000,80000,0.00011396331822923609,3.8999288067417996e-08,6.302660854675309e-05,3.968473778266475e-05,-0.00011396331822923609,7.252713609509599e-05,5.735163851414504e-06,-2.7803553157421416e-05,-6.609675361096871e-06,-9.827793704389752e-05,3.137542169964388e-05,5.420022096505096e-05
2371,Zakharov Function,7.032892766758053e-07,80000,80000,0.0004680582599199062,7.032892766758053e-07,-0.0003597105608532895,-0.0003524289484477636,-8.436283607820503e-05,0.0004012979536563236,-0.0001867330535234111,0.0004680582599199062,-0.00010550919782926707,-7.959182842630559e-05,-6.687457421493024e-05,-3.209486669484418e-05
2372,Zakharov Function,1.6295900833609424e-08,80000,80000,6.793777192588978e-05,1.6295900833609424e-08,-1.8093055338461445e-05,3.308922113103733e-05,6.793777192588978e-05,-3.808875802302097e-05,-4.02452598301913e-05,1.7853703192056226e-05,-3.923659874615061e-05,-4.8801566580668e-05,2.8312704076021385e-05,3.4240313951609336e-05
2373,Zakharov Function,5.38187714717215e-09,80000,80000,4.2951521959827576e-05,5.38187714717215e-09,4.2951521959827576e-05,-2.740428049667119e-05,-3.4076729339099196e-05,-2.3215098828172107e-05,1.7959467550550754e-05,-3.3632809140431255e-06,7.846669376651708e-06,-3.869542836700926e-06,1.878958632769438e-05,-8.714684285484863e-06
2374,Zakharov Function,1.0528641378124407e-06,80000,80000,0.0006337455261124971,1.0528641378124407e-06,-0.00036288991131986265,-4.796105632945885e-06,-7.593865287739787e-05,-0.000124463274042624,-0.00018954382525414575,0.00015295883610861108,0.0003664043618034794,-0.0003342170912343167,0.0006337455261124971,-0.0004228526447805392
2375,Zakharov Function,2.3613511235649253e-08,80000,80000,9.388487175883748e-05,2.3613511235649253e-08,-4.750984085191245e-06,-5.555954492195548e-05,5.174985400559112e-05,-2.6669677761850967e-05,2.1537025676739645e-05,2.2456187355664203e-06,-3.582331949864225e-05,-9.388487175883748e-05,5.288136160595827e-05,3.752242994338563e-05
2376,Zakharov Function,2.456780945767407e-06,80000,80000,0.0012298921096713863,2.456780945767407e-06,-7.863052411947959e-05,0.0004624479259898054,-0.00023604240454987483,0.0012298921096713863,-0.00033155986850414224,0.0003670220860742914,-0.0002979430057044517,-0.0004514610794357596,0.0001879781286484781,-0.00010114035553696033
2377,Zakharov Function,7.089421160230568e-10,80000,80000,1.600013073244891e-05,7.089421160230568e-10,-7.4762263905754055e-06,1.1895405754633059e-05,-5.608376500781606e-08,1.0399144824139128e-05,5.303888734929541e-06,6.332611271199669e-06,7.8230488724547e-06,-3.636823131764072e-06,1.6558234205776995e-06,-1.600013073244891e-05
2378,Zakharov Function,1.9130754312806457e-07,80000,80000,0.0002670359915626358,1.9130754312806457e-07,-0.0002249196691868293,-7.980030487234215e-05,-0.00011638260529845491,-0.00017310161746383746,9.475753592209945e-05,0.0002670359915626358,-3.10918606411803e-05,1.1572116516370015e-07,-6.389006287791326e-05,2.7928539643096306e-05
2379,Zakharov Function,1.747439743263938e-06,80000,80000,0.0006605565872399245,1.747439743263938e-06,3.840654015069088e-05,-0.00012168652036050043,-0.0005040541796082919,0.0006378541335083866,0.0006004268898387823,-0.0006605565872399245,9.791618444840818e-06,-0.0003031550142599999,0.0004049309547252668,-9.851783482523827e-05
2380,Zakharov Function,3.898719032562239e-08,80000,80000,0.00010447167429835329,3.898719032562239e-08,0.00010447167429835329,8.977830425713258e-05,-1.6337568514038597e-05,-4.347089234477995e-05,-5.1565544892760034e-05,1.7209784659382056e-05,-5.923568652967683e-05,5.481974765399311e-05,5.948819786177755e-05,-3.4489454679665515e-05
2381,Zakharov Function,6.138327093243585e-08,80000,80000,0.00016746915826703674,6.138327093243585e-08,-6.528531369967742e-05,4.1441586119081734e-06,-0.00016746915826703674,-6.387443014932353e-05,-5.700941773265604e-05,0.00011840679622477735,5.9929861920225386e-05,-2.9880122367995272e-05,-2.8094505673992194e-05,4.824931469304695e-05
2382,Zakharov Function,3.0746497563410595e-08,80000,80000,8.25961863156101e-05,3.0746497563410595e-08,1.2071171101734479e-05,-6.920434480850697e-05,-1.7870252441546267e-05,7.981325687034851e-05,-1.715400382942081e-05,8.25961863156101e-05,1.156379950678622e-05,-3.496242128103513e-05,-8.170512215560698e-05,4.691881364980857e-05
2383,Zakharov Function,3.8141016622597007e-07,80000,80000,0.00034702426120727757,3.8141016622597007e-07,0.00015093346101634393,-0.00034702426120727757,0.00011195246148261364,0.00017088665315022865,-0.00023883363325044647,5.4256931714055114e-05,-0.0001054757267742913,-0.00011896057863985509,-0.00010849987485556065,0.0003132016137758245
2384,Zakharov Function,2.6465521219452326e-08,80000,80000,9.43161277656191e-05,2.6465521219452326e-08,3.488639088648846e-05,-2.3737085643924048e-05,-1.2013215967364667e-05,-2.8213129230554476e-05,-4.0398719225502954e-05,9.43161277656191e-05,7.999959388985611e-05,-2.130225197991784e-05,4.7405443632413145e-06,-5.128318641586974e-05
2385,Zakharov Function,1.3689010151998165e-06,80000,80000,0.0006805518645864854,1.3689010151998165e-06,-5.719665472549952e-05,-0.00013220168673179955,-0.00013512255032282876,0.00031746649802379866,-0.00044957672009658813,-0.0001237410594941787,0.0005483861265477377,0.00042608248882550995,0.00018250846584304435,-0.0006805518645864854
2386,Zakharov Function,6.594681197374127e-11,80000,80000,4.890664499698495e-06,6.594681197374127e-11,-1.4042242516014008e-06,-1.5785700149569637e-07,4.890664499698495e-06,-3.1419671063524085e-06,-4.0705185283157134e-06,8.390216168949e-07,8.763242029727397e-07,4.1621524687153207e-07,2.76906406064781e-06,-1.7134836574985853e-06
2387,Zakharov Function,4.521121524719367e-08,80000,80000,0.00011782665977189336,4.521121524719367e-08,-0.00011600212584869939,-7.0368195118035245e-06,3.159185241570705e-05,4.0956378500377415e-05,-1.0835622415902266e-05,-8.564874914860363e-05,-2.0386387072450485e-05,-3.553291706333213e-05,-4.8150678507529165e-05,0.00011782665977189336
2388,Zakharov Function,1.340815696185427e-09,80000,80000,1.936852682288788e-05,1.340815696185427e-09,1.706595624287727e-05,-1.4287071263286935e-05,-1.936852682288788e-05,5.5103367702374426e-06,2.200735569749607e-06,-7.056466858593137e-06,-3.220382496167582e-06,-9.444448231088381e-06,1.5632693921039975e-05,4.54177224519846e-06
2389,Zakharov Function,5.254883278926582e-07,80000,80000,0.0003457119463961697,5.254883278926582e-07,-0.0003457119463961697,-0.0002835631890436255,3.633451076920168e-05,-0.00013696717842952554,0.0003050825472720668,-0.0002912968431611223,2.3753026657492234e-05,-0.00024925467084610075,0.00013802567486725147,0.00020156011795044416
2390,Zakharov Function,5.276074869112089e-08,80000,80000,0.00010343062050606824,5.276074869112089e-08,8.166385074953622e-05,-5.254054556482242e-05,3.52198007223215e-05,8.00919232526228e-05,0.00010343062050606824,-1.4222686596917376e-05,-8.894011588488754e-05,-8.577492235243253e-05,-1.0452790656124516e-05,3.910005081216233e-05
2391,Zakharov Function,2.679519237615111e-07,80000,80000,0.00030419467262325173,2.679519237615111e-07,-0.00019669757621199312,-4.687788327433786e-06,-3.335182050841787e-05,0.00018216541028388778,-3.843282623238267e-05,-7.677378767813857e-05,-5.36747198928165e-05,-0.00027095555603475456,0.00030419467262325173,3.0289053653569307e-05
2392,Zakharov Function,1.8148436615459657e-09,80000,80000,2.3124026640393705e-05,1.8148436615459657e-09,-3.0507080936721705e-06,5.060493826590286e-06,5.297717846669196e-06,-4.174428581308454e-06,1.719310366048052e-05,-2.3124026640393705e-05,-8.306114534869578e-06,1.4509399949597884e-05,-1.9199996247752422e-05,1.597892567780676e-05
2393,Zakharov Function,2.196363573963249e-09,80000,80000,2.4426507975666542e-05,2.196363573963249e-09,-1.687967397444384e-05,-5.633482423626649e-06,-7.6213187024270965e-06,-4.52653141283991e-06,2.1999190087401434e-05,-2.3081880890557415e-05,-1.5363421119267108e-06,-2.984567337594916e-06,-1.3026050989937248e-05,2.4426507975666542e-05
2394,Zakharov Function,4.74444537368041e-07,80000,80000,0.00047551928344098345,4.74444537368041e-07,0.00010277151214764101,-0.00012195289382294945,7.002128765406596e-05,-0.00047551928344098345,0.00018253706615575907,-0.00014095469085068237,-9.274383811219899e-05,0.00020569969199298743,-0.00013220747456309712,0.00014059890278367515
2395,Zakharov Function,4.191080985051605e-09,80000,80000,3.0365690383034464e-05,4.191080985051605e-09,3.565683848604558e-06,-2.939575644202006e-05,-3.0365690383034464e-05,2.6672712737099874e-05,9.384238860603853e-06,2.3936276650619543e-05,-3.525714861368164e-06,1.299609254302018e-05,-1.1531537515626293e-05,-7.548204572170899e-06
2396,Zakharov Function,9.967815089072402e-07,80000,80000,0.0006006491059234024,9.967815089072402e-07,-0.00039772958866875804,0.0004221786295093519,-6.884109381438268e-05,-5.79971804629772e-05,-0.00013035578627788573,-0.0002938285021690686,-0.0001418666190774616,-0.00033859785644432377,-3.926002588183384e-05,0.0006006491059234024
2397,Zakharov Function,1.1014650119989851e-06,80000,80000,0.0005759297403690381,1.1014650119989851e-06,0.0004886643515992415,-0.0003382548172451383,0.00010955583269716608,-0.00011533062063171157,3.49195881589198e-05,0.0003633806213425859,0.0003494572798408978,0.0003110061741710304,-9.591413509477359e-05,-0.0005759297403690381
2398,Zakharov Function,5.788546445386188e-06,80000,80000,0.0012456027882988378,5.788546445386188e-06,-0.0008415875927883384,0.00032647861022012503,0.000515601664941989,-0.0010412303634557772,2.4612344097795424e-05,-0.00048816109083458245,0.000942777162666972,0.0005893155273631874,0.0006619138107341465,-0.0012456027882988378
2399,Zakharov Function,1.9413561899269805e-07,80000,80000,0.00020886364472211337,1.9413561899269805e-07,-0.00020607696215872574,2.1241511494241827e-05,9.356289824664438e-05,-0.00020886364472211337,0.00018144431691139687,-2.0679024710078476e-05,-0.0001253190216391025,4.261120188412814e-05,4.069371032131659e-08,8.72927886742612e-05
2400,Zakharov Function,1.3122414100827648e-07,90000,90000,0.0001763082822588641,1.3122414100827648e-07,0.0001094012964969771,0.00011290429399845431,-3.2433759520211596e-05,0.0001744764635528699,9.672722469928678e-05,-0.00011265973526833849,-2.3227996908361444e-05,1.2028885649310427e-05,-0.0001763082822588641,6.489943981329417e-05
2401,Zakharov Function,2.983593655403007e-09,90000,90000,3.939478231053003e-05,2.983593655403007e-09,-2.2400536112918537e-05,-4.978303472183437e-07,-3.070687155963291e-06,-1.1456332041565077e-05,1.419659926833008e-05,1.462829781237957e-06,-3.939478231053003e-05,2.269571778573986e-07,3.1819815931954476e-06,2.3781727874451794e-05
2402,Zakharov Function,4.210322498531945e-05,90000,90000,0.003650467719632822,4.210322498531945e-05,0.001069509634153105,-0.0006190616462627564,-0.002520962024748617,0.003650467719632822,-0.0031968983736996295,0.0015572207390117093,-0.002083010972355387,0.0012924666264602356,-0.0007181631518101587,0.0008467976175160634
2403,Zakharov Function,5.006965444096924e-10,90000,90000,1.5671390394117552e-05,5.006965444096924e-10,5.713059040236575e-07,-1.8314941181613227e-06,-7.003274415706632e-06,-6.282404387447574e-06,-1.5671390394117552e-05,8.476039008954219e-06,4.503654753994882e-06,-2.373760719822178e-06,5.3961447612043644e-06,3.648305434702454e-07
2404,Zakharov Function,2.3505289179706777e-09,90000,90000,2.4388003186620893e-05,2.3505289179706777e-09,-1.4215829272398813e-05,2.4388003186620893e-05,1.6622262851821202e-05,-9.095761685388661e-06,-6.2546027513587665e-06,-3.2252231255321535e-07,-1.5430523550272085e-05,1.693946836855245e-05,-2.069959053396612e-05,1.3524806426797831e-05
2405,Zakharov Function,7.636635766504422e-09,90000,90000,4.1853020986622996e-05,7.636635766504422e-09,-1.3155359320682094e-05,-3.909136270844757e-05,2.0131332910571063e-05,1.365988889464897e-05,1.0054900011896318e-05,4.1853020986622996e-05,2.2422052979315016e-05,-2.9890553694873832e-05,-2.339528834488807e-05,-1.0800723501355758e-05
2406,Zakharov Function,6.816787271376492e-08,90000,90000,0.00019050748420629038,6.816787271376492e-08,5.8194377952687206e-05,2.207058665195587e-05,4.7681939800148056e-05,1.2997096101052915e-05,-9.825336337074956e-05,-0.00019050748420629038,0.00010478690273292701,3.369555865467221e-05,-2.588186481343189e-05,5.557792545759729e-05
2407,Zakharov Function,2.1925524835974128e-09,85398,90000,2.8456456385382055e-05,2.1925524835974128e-09,1.2271897855914835e-06,1.218487132830314e-06,-1.4705927523164308e-05,-9.408985755845832e-06,-2.8456456385382055e-05,9.026291470869941e-06,5.733593739246436e-06,-1.1125768691918033e-05,2.7302712093520635e-05,-1.165821882011309e-06
2408,Zakharov Function,9.202265424339336e-07,90000,90000,0.0006951188551229996,9.202265424339336e-07,-0.000143780044359319,-0.0006951188551229996,-8.940805063352365e-05,0.00025014111289049323,8.54717849190906e-05,-0.00044084624739094687,-9.905316759031135e-05,5.527768668447188e-06,0.0002936588606928163,0.00013682512290465944
2409,Zakharov Function,5.796306189814606e-08,90000,90000,0.00014072941787086782,5.796306189814606e-08,-2.312728875906467e-05,1.0354143974113918e-05,1.6040630241079487e-05,-9.201151754637148e-05,5.485924722975773e-05,-3.88018158777107e-05,0.00014072941787086782,6.370195570252467e-05,-0.00011547513842946817,-3.2710321618389856e-05
2410,Zakharov Function,4.150611966153672e-09,90000,90000,3.70748310677494e-05,4.150611966153672e-09,-1.1269240380760317e-06,-3.70748310677494e-05,2.8223386273430807e-05,2.4314648651072658e-05,2.428426280008808e-05,-1.2936455051208436e-05,4.7885438804993114e-06,-8.871431509311996e-06,3.480150489455086e-06,-1.039149086269398e-05
2411,Zakharov Function,4.833516641130106e-08,90000,90000,0.00013131298286768418,4.833516641130106e-08,9.824236468835415e-05,-5.637111525767607e-05,4.232108637254964e-05,-4.892310297288827e-05,5.887225220255533e-05,-0.00013131298286768418,-7.443268072741871e-05,2.7319485236096028e-05,3.851535731382574e-05,4.9106720998964864e-05
2412,Zakharov Function,7.32077255256967e-08,90000,90000,0.00019464142491880398,7.32077255256967e-08,9.335945217747705e-05,7.49695560851587e-05,0.00019464142491880398,-6.205147313435398e-05,-7.638243349665426e-05,-6.58222455250423e-05,-1.8576867572226943e-05,-4.351705591663659e-05,6.589085596339823e-05,1.1499285264943255e-05
2413,Zakharov Function,1.6569216160633599e-09,90000,90000,2.3127829890450513e-05,1.6569216160633599e-09,5.144525250480898e-06,1.7092782067541754e-05,-4.837301639335715e-06,-1.6596951122004847e-06,1.810506241526079e-05,1.3600783182716835e-05,-2.3127829890450513e-05,5.673718711923758e-06,-1.1896989756756397e-05,4.954060585848059e-06
2414,Zakharov Function,3.7714768143287034e-08,90000,90000,0.00010789337169539069,3.7714768143287034e-08,2.295707410996234e-05,-6.447983773667459e-05,0.00010713001849438475,5.914705723651675e-07,3.324046119452836e-05,-0.00010789337169539069,1.144326316836243e-05,3.9898505208842334e-05,4.299550534130542e-05,-6.028709905786181e-05
2415,Zakharov Function,6.215763515025748e-11,90000,90000,3.3904038965814995e-06,6.215763515025748e-11,-7.531167858788304e-07,-4.1103046254127854e-07,-3.7280207744321324e-07,8.353439588632011e-07,9.109985675245224e-07,-2.0467275641171826e-06,6.319281232350738e-07,1.3560361186726858e-06,-3.3904038965814995e-06,3.3397156223349775e-06
2416,Zakharov Function,2.9102041493809478e-09,90000,90000,3.019953551809512e-05,2.9102041493809478e-09,3.019953551809512e-05,5.695789326305371e-06,-2.4292882502765804e-05,1.5561736329699527e-05,-9.95984053700154e-06,5.750801320971613e-06,-1.5322977806571877e-05,1.4761094342717925e-05,1.475234135450942e-05,-1.7142661425118614e-05
2417,Zakharov Function,7.48901881722267e-11,90000,90000,4.335177267750499e-06,7.48901881722267e-11,3.923343176472306e-06,-2.6893808823567423e-06,1.3953080553652555e-06,-1.87380051247315e-06,1.5188506071069826e-06,4.335177267750499e-06,1.8751620863719357e-06,-2.7117150585987786e-06,-2.4846444959192544e-06,-3.7498673104649877e-07
2418,Zakharov Function,4.63065662763439e-09,90000,90000,4.4343726725304065e-05,4.63065662763439e-09,-1.1446234875127494e-05,-2.9125060229123334e-05,5.629068558249513e-06,1.5872781841240763e-05,-9.256899115500118e-06,-6.01893217973997e-06,4.4343726725304065e-05,-9.028873616274037e-07,-9.030894239367896e-06,-8.301225090221365e-06
2419,Zakharov Function,2.8740310985947453e-06,90000,90000,0.0009550691659318234,2.8740310985947453e-06,-0.00019771394420924461,0.0005405045143954703,-0.0004378704501647613,-0.0009550691659318234,0.00010505749455436272,-0.00029703522407522226,-0.0008767773812779741,0.00047200721385474704,0.00043356662153973003,0.0003998498876449217
2420,Zakharov Function,2.4467791176226408e-11,90000,90000,2.4132713071514533e-06,2.4467791176226408e-11,2.484699774616743e-07,1.946202367939419e-06,1.2490438762785554e-06,-6.335917304595122e-07,2.1208561640858765e-06,2.063629865436103e-06,-2.4132713071514533e-06,-8.936515974812876e-07,6.111410635962133e-07,-6.660610017514718e-07
2421,Zakharov Function,5.484863660818476e-08,90000,90000,0.00011759998019685602,5.484863660818476e-08,-0.00011759998019685602,-4.008101871554799e-05,0.00010913027755676599,0.00011327733981915833,1.2518420283844972e-05,-3.6562571900894805e-06,-8.458475110208172e-05,-3.894081466508434e-05,-2.6991647696274096e-05,6.004987963468399e-05
2422,Zakharov Function,8.122242491671127e-08,90000,90000,0.0001645319071592701,8.122242491671127e-08,-1.3199846607517977e-05,-0.00011177191901459618,0.00014222983029788504,-0.0001645319071592701,-7.991736125606953e-05,5.161903679570275e-06,8.292739627021499e-06,6.317321019415353e-05,-6.163650364548508e-05,7.575391896949789e-05
2423,Zakharov Function,1.5499077704470115e-10,90000,90000,6.771359724049161e-06,1.5499077704470115e-10,-2.2671317897495868e-06,3.0351180679838834e-06,-6.771359724049161e-06,4.9298270498617815e-06,-4.430016460909803e-06,5.391180653136596e-06,-2.6327183232756744e-06,-2.8671941288658474e-06,2.51218826148232e-06,5.610203835407604e-07
2424,Zakharov Function,2.6056772359885447e-07,90000,90000,0.00032774382621508997,2.6056772359885447e-07,8.549578747306302e-05,2.8224380736457925e-05,-0.00012312381057013997,2.74554926570926e-05,2.68092411626647e-05,-0.00014728285055220206,-0.00032774382621508997,0.00016668233764317901,-1.478765575941459e-05,0.00022863385263626943
2425,Zakharov Function,2.1952803233976097e-07,90000,90000,0.00027859424157733513,2.1952803233976097e-07,-0.00010963431469674908,4.740083938297884e-05,-6.458283143729273e-05,0.00012458330208263736,8.186056860903746e-05,-1.586635740363063e-05,0.00027859424157733513,-0.0002720912165996819,-0.0001045662212273651,7.655387953647875e-05
2426,Zakharov Function,6.140856490129913e-09,90000,90000,3.547882103113452e-05,6.140856490129913e-09,-2.8466485496206823e-05,3.547882103113452e-05,-2.8738851996829148e-05,-1.0424065871513207e-05,-2.559039144417722e-05,-2.0243772582276768e-05,1.9962355541822064e-05,3.545391253442679e-05,-8.33171734604865e-06,2.3446741548772778e-06
2427,Zakharov Function,8.528979651748728e-08,90000,90000,0.00018490805442804005,8.528979651748728e-08,-4.9112285988093626e-05,-8.591399914989611e-05,1.5613693756226967e-05,2.066250482601278e-05,-0.00013644129597507589,0.00018490805442804005,-1.9989515583871225e-05,-9.581838605834633e-05,0.00010259327733197024,-2.865936928365792e-05
2428,Zakharov Function,8.770965460357205e-10,90000,90000,1.604664361949863e-05,8.770965460357205e-10,5.037325106802135e-06,-6.4543943042473955e-06,1.604664361949863e-05,-1.1269667631824763e-05,-1.5656033770678617e-05,1.6004342772089508e-06,7.752818515014769e-06,3.317680517630821e-06,3.957743787425482e-06,-5.809128017757429e-06
2429,Zakharov Function,6.377522023443375e-13,89590,90000,6.672334720879009e-07,6.377522023443375e-13,6.672334720879009e-07,1.0072343643856432e-07,-2.262338256246812e-07,1.9639447283585806e-07,-4.8688813374235227e-08,6.381099978766629e-09,1.5871889288927222e-07,4.128556446606762e-08,-4.0447562081414304e-08,-1.4433179947987483e-07
2430,Zakharov Function,1.9585785383389515e-05,90000,90000,0.0020794156837865875,1.9585785383389515e-05,-0.00011143638278703484,-0.0011016277437842859,0.0004939893257724576,-0.001964557514509507,-0.001801911929356167,-8.336104439140841e-05,0.0005243276164783978,0.0020794156837865875,0.0008758156684564623,-0.0013844609665940345
2431,Zakharov Function,8.908797625846736e-06,90000,90000,0.001518203007054875,8.908797625846736e-06,-0.000994282613227547,0.0012078758875325576,0.0015070551779037037,-0.00017656400162361009,-0.0003721880210481288,0.00015444954265162543,0.00036204399425854576,0.001233762903755504,-0.0001387331220180836,-0.001518203007054875
2432,Zakharov Function,1.7563795199649758e-07,90000,90000,0.00024076207115368507,1.7563795199649758e-07,-2.0897735718489576e-05,-2.3111188352900093e-05,0.00024076207115368507,-0.00012861745357717872,2.724431271232389e-05,-7.770896644789655e-06,-0.0001575677212573511,0.000195036890138261,-7.163706965860979e-05,3.0595093275888005e-05
2433,Zakharov Function,3.260776144080634e-09,90000,90000,2.9901767991579366e-05,3.260776144080634e-09,-1.6476310563119617e-05,1.3340784258061309e-05,-1.0305656730952406e-07,2.1279839658081167e-05,2.9901767991579366e-05,1.3751958262814394e-05,-6.046791183723516e-06,4.965172671678892e-06,-1.8973964212204318e-05,-1.968608122362681e-05
2434,Zakharov Function,3.2441394939693275e-08,90000,90000,0.0001007960414568049,3.2441394939693275e-08,3.208902925509023e-05,3.214390970679845e-05,-4.3316509600632014e-05,-6.557042013511634e-05,0.0001007960414568049,-6.398677490788842e-05,-8.151335238962366e-05,3.3853530481189604e-05,2.7489282960069262e-05,2.7827577582731462e-05
2435,Zakharov Function,2.8245486782120476e-07,90000,90000,0.00029950734773737033,2.8245486782120476e-07,-0.0002455629370867051,-0.00014705048660046253,2.1010564575533558e-05,-0.00018536451933945884,0.00029950734773737033,-4.642224824395584e-05,-8.46215528077206e-06,-0.0001333504033172165,0.00021717457081717347,-8.902555906298001e-05
2436,Zakharov Function,4.634715362784733e-09,90000,90000,3.2658368735801446e-05,4.634715362784733e-09,-1.624854466127669e-05,-2.2877219995150397e-05,1.2881872508006932e-05,3.128962515055161e-05,-8.393877436423656e-06,3.247978575581239e-05,-3.2658368735801446e-05,1.45742039571591e-05,3.3341514659519674e-06,-1.6553493447325442e-05
2437,Zakharov Function,1.81406596465145e-11,90000,90000,2.144510124666856e-06,1.81406596465145e-11,-1.2286731044298383e-06,1.7410525377240305e-06,-3.35146093504925e-07,-1.627546767516976e-06,-1.9274225008845658e-07,1.379840899369132e-06,-1.3046241350645627e-06,2.144510124666856e-06,5.238366855309422e-07,-1.3306091184980455e-06
2438,Zakharov Function,6.135026222441395e-10,90000,90000,1.2323294314109336e-05,6.135026222441395e-10,4.176969067210911e-06,3.2895430460208972e-06,9.873381522800039e-06,4.934098494230998e-07,-1.4265002151931776e-06,3.832621271663162e-06,-1.1985289418030087e-06,-1.2323294314109336e-05,-3.3778001507270283e-06,4.537034231893796e-06
2439,Zakharov Function,1.978360620295964e-11,90000,90000,2.213119722650802e-06,1.978360620295964e-11,1.5742931841678825e-06,-5.95698965360786e-07,-2.067734023827104e-06,7.602039589108625e-07,-9.818051694470505e-07,1.4061193665906995e-06,-9.113489216742069e-07,-1.672561823853402e-06,2.213119722650802e-06,-2.4181711250996136e-07
2440,Zakharov Function,2.1682018593619807e-09,90000,90000,1.4235043952384987e-05,2.1682018593619807e-09,5.143218026870078e-06,6.74644901408322e-06,1.2013553760983302e-05,-2.9568045068442136e-07,4.6752229584395e-06,8.43422070334616e-06,-1.2590062263449482e-05,-1.131704658457912e-05,1.3881012212348965e-05,-1.4235043952384987e-05
2441,Zakharov Function,9.578247146774424e-12,90000,90000,2.110987138675858e-06,9.578247146774424e-12,-3.0010490360636684e-07,4.81153469509559e-07,4.452849316993978e-07,1.265489523762149e-06,5.024861308715795e-07,6.238843774934107e-07,8.533384421340583e-07,7.219516961135221e-07,-6.274470732860862e-07,-2.110987138675858e-06
2442,Zakharov Function,2.064947031873333e-10,90000,90000,8.299787765824601e-06,2.064947031873333e-10,-8.299787765824601e-06,4.927704944045282e-06,-6.631926670853454e-07,1.4786137970824884e-06,-7.742552366506286e-07,-5.536943556993677e-06,5.832916975537585e-06,-1.7623794713049433e-06,4.931884180334233e-06,-3.459905822422396e-06
2443,Zakharov Function,2.863528296269339e-10,90000,90000,8.385314385986696e-06,2.863528296269339e-10,5.786873831942659e-06,6.5789547552945535e-06,1.6579401026290277e-06,-5.2608793247123215e-06,4.444122622604825e-06,8.147216375370146e-06,3.101260916033924e-06,-4.0097373429741684e-07,-8.385314385986696e-06,-1.0108469597569818e-06
2444,Zakharov Function,4.405815683374386e-09,90000,90000,3.995959037645928e-05,4.405815683374386e-09,-1.119377274523368e-05,1.5510108016705381e-06,1.0227881088782553e-05,7.066712246898819e-06,2.1459971930791077e-05,4.108976685645942e-08,-2.6160766546688714e-05,1.5194007871554917e-05,3.3905646358446835e-05,-3.995959037645928e-05
2445,Zakharov Function,1.874588253300591e-08,90000,90000,8.056714682339706e-05,1.874588253300591e-08,8.056714682339706e-05,-8.913646172031309e-06,-4.6315711111076646e-05,1.0728558592582227e-05,1.5045291972133884e-05,-3.2570310647546825e-05,6.933867716761932e-05,-5.116587651866272e-06,7.1836045894207456e-06,-4.4049954611811194e-05
2446,Zakharov Function,2.550605489346301e-10,90000,90000,7.981871909259226e-06,2.550605489346301e-10,-1.2076611522917012e-06,-1.0351866537176248e-06,4.020985657643478e-06,6.238293405003039e-06,1.797388171620469e-06,-3.443398782450503e-06,-2.6090322672031543e-06,2.2991309886506542e-07,7.981871909259226e-06,-6.007691305953136e-06
2447,Zakharov Function,2.7769862288063933e-08,90000,90000,0.00011197036486678628,2.7769862288063933e-08,-1.488212542711202e-05,8.504977662809779e-05,-3.703902900662884e-05,-1.1904442828902955e-05,-1.3656385137586258e-05,-4.791328444146837e-05,-2.790258976746248e-05,-8.21160239094492e-06,-5.261293453643034e-05,0.00011197036486678628
2448,Zakharov Function,2.1501348045691577e-12,90000,90000,5.611816182788511e-07,2.1501348045691577e-12,5.611816182788511e-07,-3.6525500388926586e-07,-5.21053312685532e-07,5.528201719173122e-07,-2.4182812920144585e-07,-2.459190845657005e-07,4.655613312843509e-08,9.72747807153688e-08,-2.322552365405823e-07,1.2695227138348203e-07
2449,Zakharov Function,1.804800651274064e-11,90000,90000,2.6388263721215268e-06,1.804800651274064e-11,-1.7608895222237055e-07,-5.282105653411819e-07,1.308388945713857e-07,-1.7816177614305638e-06,7.938655915722596e-07,1.8887054598996538e-06,1.280309639974061e-06,-2.6388263721215268e-06,7.997322816282188e-07,-2.8060386124359867e-08
2450,Zakharov Function,2.908727891824623e-06,90000,90000,0.0010190158675358317,2.908727891824623e-06,-0.0003139761599623642,-0.00011704247231875673,-0.0003843887246468069,-0.00011827714490415114,0.0010190158675358317,0.000520540180560975,-0.0007328461542752064,0.0001197258453554709,-0.000351688046606317,-3.182007504494346e-05
2451,Zakharov Function,2.629373992602344e-09,87460,90000,3.362998680692389e-05,2.629373992602344e-09,1.0988139398528823e-05,2.722875696554638e-05,3.362998680692389e-05,-2.653053634185748e-07,-7.867171824954129e-07,-1.735715026285003e-05,1.3100697458054513e-05,-8.722475610992432e-06,-4.198877352897567e-06,-5.395683559223245e-06
2452,Zakharov Function,7.241880841341166e-09,90000,90000,5.189622757805924e-05,7.241880841341166e-09,4.1047662289133923e-05,-5.189622757805924e-05,-4.295202262507277e-05,8.100038848242339e-06,1.8753191212502478e-05,-1.9268556593125436e-06,-1.231389502528056e-05,1.4084964798032118e-05,5.460237077216681e-06,-2.763893990564575e-06
2453,Zakharov Function,4.985756354335553e-11,90000,90000,5.22937907715204e-06,4.985756354335553e-11,-3.9224709012896554e-07,-4.284921377362558e-07,-2.0708878336056787e-06,6.146449452352207e-07,-5.22937907715204e-06,9.580864083700441e-07,1.2456164006898037e-06,1.048706564136409e-06,3.05415749053105e-06,-2.0482724662617326e-06
2454,Zakharov Function,1.3827285374149214e-10,90000,90000,7.671165842980633e-06,1.3827285374149214e-10,-2.7409798708106827e-06,4.196719006422889e-06,-1.1975867509908877e-06,1.732932561613014e-06,2.379873146020377e-06,-1.282679064279654e-07,3.4371960716213204e-06,-7.671165842980633e-06,1.1448255173485004e-06,-4.2294912226411366e-07
2455,Zakharov Function,1.2328021465790475e-08,90000,90000,5.7937573589442366e-05,1.2328021465790475e-08,3.2919655078414705e-05,-5.2502003150036004e-06,-1.0498733073669822e-05,-2.5452511671088226e-05,5.4513538430802756e-05,-4.74477806143659e-05,-1.947764095498126e-05,-3.4327481648987944e-05,-8.545676562673205e-06,5.7937573589442366e-05
2456,Zakharov Function,1.5750663939751952e-07,90000,90000,0.0001889135035206813,1.5750663939751952e-07,-0.00012022582070008136,0.00016646704900457248,3.421408989900303e-05,-3.460901395163765e-05,8.036974143144325e-05,-0.0001889135035206813,-0.00017855986557349933,-6.608838787238638e-05,0.0001226212597398655,0.00010438268689941276
2457,Zakharov Function,6.570451753446061e-07,90000,90000,0.0006536453878426743,6.570451753446061e-07,-2.4401515456630733e-05,-0.00011381874337618323,-0.00019041737480614268,1.750423281868273e-05,-4.073693367959825e-05,-0.0006536453878426743,-2.0768210054236837e-05,0.0002955406936818799,1.2553665530908717e-05,0.0002122465101493721
2458,Zakharov Function,1.0253440750402015e-11,90000,90000,1.874957575320384e-06,1.0253440750402015e-11,-3.4788524996938754e-07,1.874957575320384e-06,1.152620631440304e-06,-9.568057465425242e-07,-7.247353655602247e-07,-4.7584028315283193e-07,1.3759215462349888e-06,-9.101834067266422e-07,-1.1588238985719987e-07,2.568905284245937e-08
2459,Zakharov Function,2.8696454329823594e-10,90000,90000,7.976383525319145e-06,2.8696454329823594e-10,-6.4994384952284545e-06,-1.2120217141279572e-07,7.976383525319145e-06,-6.835941784090232e-06,-9.96846053369505e-07,2.169910871570755e-06,7.889433897094183e-06,1.7214717033428263e-06,-7.907751185393555e-06,5.810264250418795e-07
2460,Zakharov Function,1.0389205505088073e-07,90000,90000,0.0001849754017753453,1.0389205505088073e-07,-2.7740595952325617e-05,-9.449124815084188e-05,-0.00011822882998753406,7.519467911092591e-05,-4.2492420950767176e-05,-3.9021256186947935e-05,4.8459143137106834e-05,-5.6663760331204555e-05,0.0001849754017753453,-0.00011101188516389129
2461,Zakharov Function,1.0375633367273487e-07,90000,90000,0.00021213730240613637,1.0375633367273487e-07,-1.0110301519593982e-05,-5.1877201298472166e-05,-6.925151247854551e-05,2.1153941424177755e-07,4.9788044337137685e-05,7.18902103644621e-05,-0.00017792019425877858,-8.095916054719736e-05,-5.4584642738919506e-05,0.00021213730240613637
2462,Zakharov Function,5.342741342726184e-07,90000,90000,0.0003916934679646588,5.342741342726184e-07,0.00010682785065008242,-0.0002507650475433781,6.8919283647660015e-06,-2.544191740083587e-05,0.00023468364692894104,0.00013399176291762976,-0.0003916934679646588,-5.177078228757107e-05,-4.1876370463301234e-05,0.00011012387663711674
2463,Zakharov Function,8.31823800501607e-11,90000,90000,5.053748082382311e-06,8.31823800501607e-11,-1.0150817904843072e-07,-3.9345585820088137e-07,4.2051296310872404e-07,-1.7455405771857427e-06,-9.24844792940137e-07,4.432931985226743e-06,2.801234392842331e-06,4.44591467462528e-06,-5.053748082382311e-06,-2.348195152128266e-06
2464,Zakharov Function,2.7856911961306485e-12,90000,90000,1.101934302866041e-06,2.7856911961306485e-12,-3.2476464530831504e-07,3.853383737582331e-07,-6.176477019463257e-07,-1.101934302866041e-06,6.95415113757872e-07,5.041909933299933e-07,-3.794268019066114e-07,1.6943225087100346e-07,5.207683604562287e-08,-1.5593303432656766e-08
2465,Zakharov Function,2.0048517472844226e-09,90000,90000,2.3154302795876902e-05,2.0048517472844226e-09,1.1489790046678406e-05,3.687937217489804e-06,-1.787469718063744e-05,2.3154302795876902e-05,-1.8223481198740642e-05,-1.0320249782711685e-07,2.132867005209946e-05,-7.888501340203948e-06,4.866981995509695e-06,-7.973496311104508e-06
2466,Zakharov Function,4.0061011077141604e-08,90000,90000,0.00012211452459561615,4.0061011077141604e-08,6.071117786747358e-05,-7.824601580566087e-05,0.00012211452459561615,2.643280165917389e-05,1.6613901424870713e-05,1.3398869875412586e-05,6.9360280124977874e-06,1.084708736828337e-05,-4.038088347106648e-05,-5.0958093995072734e-05
2467,Zakharov Function,9.981031801182078e-08,90000,90000,0.00015989879294587048,9.981031801182078e-08,-0.00015442982582340945,0.00015989879294587048,-9.456049226053503e-05,5.368975008848859e-05,1.299962388731738e-06,0.00012327367760016697,-0.0001209797216551393,6.802937482468044e-05,-4.998711458771286e-05,-9.880808880789748e-07
2468,Zakharov Function,4.1555153398727535e-08,90000,90000,0.00011120381968821144,4.1555153398727535e-08,7.12415474806942e-05,-3.382726721522769e-05,6.693367120156424e-05,4.3481508334060615e-05,-4.538506319917193e-05,-8.525695948639851e-05,2.8416484178267548e-05,-6.342495660538347e-05,-4.939009128542713e-05,0.00011120381968821144
2469,Zakharov Function,1.526783486360487e-06,90000,90000,0.0006046509727101201,1.526783486360487e-06,-0.0006046509727101201,-0.0004593899715929805,-0.0005484386713438822,7.314471123426571e-05,-0.00012195755651198679,0.0005698643728674526,-0.00010654982696459473,0.00043095441519764774,-0.0002880239499782777,-3.4710500845377085e-05
2470,Zakharov Function,3.290160714311784e-08,90000,90000,0.0001263533598323436,3.290160714311784e-08,-1.2096244964288916e-05,3.60371278514828e-05,4.8534409761378386e-05,1.610767989582686e-05,-5.56748565818561e-05,1.2350178402037313e-06,-7.451102538061922e-05,0.0001263533598323436,-4.824543858109815e-05,3.2743349477511717e-06
2471,Zakharov Function,1.6543622327257e-08,90000,90000,6.455256217618203e-05,1.6543622327257e-08,-5.9636675504398534e-05,-3.9431027932607225e-06,-1.0612269721270932e-05,5.412003592555359e-05,6.455256217618203e-05,-1.6147602558599174e-05,-3.075114855323475e-05,-1.2637387968246255e-05,4.692165074536534e-05,-4.0021210270261166e-05
2472,Zakharov Function,4.9348817838704647e-08,90000,90000,0.00012500797042535377,4.9348817838704647e-08,-5.551339360157704e-05,4.725062081116282e-05,0.00012500797042535377,-6.451080814785364e-05,-7.65486478059769e-05,0.00010017232830529684,8.476399004325546e-06,1.6479080594260794e-05,-2.5956677625390214e-05,-1.636913487239962e-05
2473,Zakharov Function,4.635963998063706e-09,90000,90000,4.797758301600046e-05,4.635963998063706e-09,1.399608615387053e-05,2.5063393665888225e-06,-6.355675542850852e-06,4.797758301600046e-05,1.2940412635918728e-06,-1.6215485828587703e-05,-1.2122400770419594e-05,-3.9715449599912235e-06,2.7153347298415553e-05,-2.6034618043586824e-05
2474,Zakharov Function,2.4150280187357883e-10,90000,90000,9.10658552411113e-06,2.4150280187357883e-10,4.3559295957991374e-06,5.30564457729491e-06,-9.10658552411113e-06,-1.7893256521205695e-06,6.329557366116536e-06,5.509000345649003e-06,3.60588810876745e-06,-8.526420157137088e-07,-4.11545105156626e-06,-2.434383622203736e-06
2475,Zakharov Function,7.616255011913744e-10,90000,90000,1.746513758578614e-05,7.616255011913744e-10,-2.0628732090224573e-06,-8.300356978840814e-06,-1.224741620418721e-06,4.687793527422587e-06,7.65767850626457e-06,-1.4652630405642105e-05,-4.252892966829314e-06,1.746513758578614e-05,2.598627901920427e-06,-7.751510147490158e-06
2476,Zakharov Function,1.109697113964708e-05,90000,90000,0.0017581001611051677,1.109697113964708e-05,-0.0017581001611051677,-0.00034479030376318137,0.00016358848594401356,0.0009641362755761071,-0.001546394032031313,-0.001259332762495355,0.0007413543396926252,0.0002401227497511918,-0.0007846769860478356,0.001255292675741782
2477,Zakharov Function,1.225732294284835e-08,90000,90000,6.080977241698513e-05,1.225732294284835e-08,4.667906806784923e-06,-1.561456566153812e-05,-4.0255256094193405e-05,6.080977241698513e-05,-4.559642191562356e-05,2.7732525497702568e-05,4.178301495506552e-05,-2.5726976011664166e-06,-4.19768070626201e-05,1.0053026110024631e-05
2478,Zakharov Function,3.0965819436563527e-08,90000,90000,8.800556230003818e-05,3.0965819436563527e-08,-8.462363163344736e-05,-3.198170966088389e-05,7.586576955685645e-05,8.800556230003818e-05,1.4050567217267753e-05,3.2362423112019812e-06,-4.681379862627557e-07,-2.6263194767144276e-05,-8.121419369931361e-05,4.227830700838364e-05
2479,Zakharov Function,5.24656267222863e-08,90000,90000,0.00013499437915318502,5.24656267222863e-08,-5.5200793917780327e-05,-9.143385194144334e-05,-7.593965839858773e-05,2.28799471751615e-05,-7.980545336943051e-05,-4.345804032449284e-05,0.00013499437915318502,4.2484159867486736e-05,-2.452318386079609e-06,-6.825114814638675e-06
2480,Zakharov Function,1.0334334799252862e-09,90000,90000,2.1155780800362418e-05,1.0334334799252862e-09,-1.2210438208797075e-05,-3.164196621560733e-06,-9.217742319515617e-06,-3.515432480152987e-06,-5.169319251622603e-07,-1.6085329659543017e-05,2.1155780800362418e-05,-5.063426542641001e-06,-8.34257848716856e-07,5.069859938423215e-06
2481,Zakharov Function,6.134376037722824e-08,90000,90000,0.00010184113355139634,6.134376037722824e-08,4.346159446986549e-05,9.032408514765179e-05,7.7168801075939e-05,5.2766584438826445e-05,-9.659960292157259e-05,5.857206257056374e-05,-0.00010184113355139634,9.589163617404306e-05,3.7665412306371485e-05,-8.478152441785373e-05
2482,Zakharov Function,1.2480870679557845e-11,90000,90000,2.2868675534052303e-06,1.2480870679557845e-11,9.342243500972653e-07,-2.2868675534052303e-06,-3.297896651229895e-07,-1.648509876888469e-07,-9.158939623428525e-07,-4.922360345928345e-08,2.7834187768082573e-07,1.7361607335002555e-07,1.393692077164495e-06,-2.0799538822411122e-07
2483,Zakharov Function,4.965781907977644e-11,87186,90000,4.355784470068157e-06,4.965781907977644e-11,2.9511224868264213e-06,-4.355784470068157e-06,5.753312863684403e-07,1.6708805126614751e-06,-2.1356923962384195e-06,-1.950091388319987e-06,-1.40277983253105e-06,1.9873778069642487e-06,6.758934729859449e-07,1.0978693310225132e-06
2484,Zakharov Function,4.277934400551016e-11,90000,90000,3.794680610002759e-06,4.277934400551016e-11,-6.297104988387975e-07,-1.705423400138583e-06,1.3493035325018514e-06,3.627802387079398e-07,-3.794680610002759e-06,1.2654065319875763e-06,-4.3791189267239965e-07,3.340110210315662e-06,-2.6475570860848247e-08,-7.284473957370459e-07
2485,Zakharov Function,2.0114501843866663e-10,90000,90000,1.1300323465537572e-05,2.0114501843866663e-10,-7.056881066411418e-07,-1.8281728768048058e-06,-4.297904468808998e-06,1.1300323465537572e-05,1.7941732833002438e-06,3.586529651171633e-06,-3.8033157951048075e-06,-1.1230874710038043e-08,-3.687586858529215e-06,-3.767858092503821e-07
2486,Zakharov Function,4.254612425265574e-09,90000,90000,4.162061745181205e-05,4.254612425265574e-09,1.1109565635692857e-05,-4.162061745181205e-05,1.6545521670035686e-06,6.844576770957778e-06,-2.8130061811348022e-05,4.767331441512931e-06,5.275840583536702e-06,-7.693413265464963e-06,-1.799237786814014e-05,3.1585080731868093e-05
2487,Zakharov Function,1.0658460260826084e-10,90000,90000,5.232082165878546e-06,1.0658460260826084e-10,1.4530804317586886e-06,-4.852604464870522e-06,-2.794959354949135e-06,1.016171543414039e-06,-1.0570840213265189e-06,-4.490784951106258e-06,2.9270739389247444e-06,-9.66526869631933e-07,-2.8006317304843432e-06,5.232082165878546e-06
2488,Zakharov Function,6.675859435397959e-06,90000,90000,0.001337367643376327,6.675859435397959e-06,-0.000825372717074366,-8.12113984055389e-06,0.00041594199698758724,-0.001337367643376327,0.00011866830304270567,0.0012833692613062565,0.0007079875658391016,-0.0009715594894149672,0.0006188698077992167,-0.0006713463183048577
2489,Zakharov Function,5.301529436126377e-11,90000,90000,3.8730950545369286e-06,5.301529436126377e-11,-1.0955977248008582e-06,2.1365292248989526e-06,-9.559929132703778e-07,-1.8948918950411766e-06,-2.3989596542094973e-06,5.877491766719944e-07,-3.8730950545369286e-06,1.1269054270980695e-06,3.3770316776867e-07,2.3064896363141043e-06
2490,Zakharov Function,9.394096268780423e-10,90000,90000,1.7292442883173613e-05,9.394096268780423e-10,-7.106383384520629e-06,-5.771606780999496e-06,-1.1755313109473924e-05,1.7292442883173613e-05,1.945778009938817e-06,9.368696625972601e-06,-3.355215994402514e-06,-5.700360931918653e-06,1.1225645311912666e-05,-1.2021740616067784e-05
2491,Zakharov Function,1.536617705606689e-11,90000,90000,2.409388812264516e-06,1.536617705606689e-11,2.409388812264516e-06,2.3379214353565172e-07,8.775661228347555e-07,4.0935733248216013e-07,-7.160048670219413e-07,-1.7982990891750423e-06,-9.967801845013478e-07,-1.9426941169714654e-07,1.7164884667584603e-06,2.0954334909988825e-07
2492,Zakharov Function,6.829732440992465e-09,90000,90000,5.6375847663959405e-05,6.829732440992465e-09,2.458853288056672e-06,3.0340408969712734e-06,-3.3544302455368723e-07,7.435855431064294e-07,5.6375847663959405e-05,-2.237247968795406e-05,-1.9915924554114957e-05,-2.3149473965169603e-05,-3.1773339780375103e-06,2.7137789938560806e-05
2493,Zakharov Function,4.419940172687726e-05,90000,90000,0.0028649350100889304,4.419940172687726e-05,-0.0017640663884658805,-0.0022845112572818394,0.000770673054821354,-0.0015684401696544371,0.002315276735905143,0.0007658072081217105,0.0028649350100889304,-0.0018881631786842783,0.0019437686032457843,-0.0023506829533719055
2494,Zakharov Function,5.216339338603493e-10,90000,90000,1.585791432671427e-05,5.216339338603493e-10,-3.298134584637968e-06,-8.195153290880596e-08,-2.7887712464355015e-06,-1.585791432671427e-05,1.2732604363959585e-06,1.2683226900243125e-07,-9.179140251964535e-06,-3.250827029533751e-07,3.287523729815614e-06,8.777642637740505e-06
2495,Zakharov Function,1.0578974936785092e-06,90000,90000,0.0004729524237046915,1.0578974936785092e-06,1.7951784495287567e-05,7.11666217104989e-05,-2.324596858502433e-05,9.118860725830562e-05,0.00042065075486843263,-0.0004729524237046915,-0.0003183947945522551,0.00044492161253913425,-0.00036332833361926134,0.000292826150034337
2496,Zakharov Function,6.302148487672723e-11,90000,90000,5.4386672099750654e-06,6.302148487672723e-11,-5.311305275218805e-07,-2.2871201845616447e-06,-9.217975675139323e-07,-2.147840627750442e-06,1.893023618063532e-06,5.4386672099750654e-06,1.3034559160335663e-06,-2.2779013879194393e-06,6.473413679458387e-07,-2.660390440753653e-06
2497,Zakharov Function,1.517390936724918e-08,90000,90000,6.0588877275062934e-05,1.517390936724918e-08,6.0588877275062934e-05,-2.5341865151953455e-05,5.24399131979332e-06,-1.3052799676918742e-05,5.967791797557082e-05,-5.806285428071676e-06,2.275523264628984e-05,-4.975301170536161e-05,1.8559442367724933e-05,-4.343669868488074e-06
2498,Zakharov Function,4.901755002062913e-08,90000,90000,0.0001511909200935788,4.901755002062913e-08,3.545401200687889e-05,1.8826206601384057e-05,7.316715980215885e-05,9.088861029343593e-06,-2.2568917544242385e-05,-5.685778371660275e-05,3.3062040260156824e-05,6.245489381882807e-05,-0.0001511909200935788,5.88375897138969e-05
2499,Zakharov Function,7.391989923320406e-09,90000,90000,3.344514874193817e-05,7.391989923320406e-09,-3.0028455909795137e-05,-2.8193069152881473e-05,8.905831615729974e-06,3.344514874193817e-05,2.8052020640093403e-05,-1.732689539183059e-05,-1.5898610735127635e-05,2.7930707891224803e-06,-1.310269162901839e-05,-1.262803620343626e-06
2500,Zakharov Function,1.5013142153973113e-09,95000,95000,2.688806931434144e-05,1.5013142153973113e-09,9.317153504460888e-07,1.6654738195189777e-05,2.4071440226468274e-06,5.604495287208536e-06,9.560754043223084e-06,-1.4929030999826853e-06,1.816789544388077e-05,-1.8764385546312456e-06,5.462724875284766e-06,-2.688806931434144e-05
2501,Zakharov Function,4.282550644644149e-11,86691,95000,4.317129831504654e-06,4.282550644644149e-11,-3.184687365851855e-07,-1.7678877188082903e-06,8.036385735707597e-07,-4.300700883938511e-07,4.317129831504654e-06,3.9895154776598503e-07,-3.641619964961265e-07,-3.918813975739974e-06,1.9410788598096724e-06,-5.643029112146609e-07
2502,Zakharov Function,2.8795214875824803e-10,95000,95000,1.3382121696149995e-05,2.8795214875824803e-10,-1.3382121696149995e-05,-9.899757475865551e-07,6.050979776026829e-06,-1.0076423440180195e-08,-4.504850528441226e-06,-1.9494975228564145e-06,3.242716938237328e-06,2.777562615303077e-06,-5.685513226103317e-07,2.3589151161408275e-07
2503,Zakharov Function,2.840588811971651e-09,95000,95000,3.836841855405096e-05,2.840588811971651e-09,1.7614273277410945e-05,-3.836841855405096e-05,-6.4553679789810485e-06,-3.0365445381589077e-06,-1.2974339849077646e-05,3.965129664726317e-06,-1.5990162652236912e-05,2.225557930149362e-05,2.765783997420674e-06,2.546387013282423e-06
2504,Zakharov Function,2.4239099339374384e-07,95000,95000,0.0003174176462294783,2.4239099339374384e-07,9.081965242561531e-05,-0.00013828983700588554,2.0055600557927793e-05,0.0003174176462294783,0.00010460768569532917,-0.0002488583130077893,-7.713647004521799e-05,0.00013154663181552795,-0.00011181890925121961,4.354823012757246e-05
2505,Zakharov Function,4.654428045774026e-06,95000,95000,0.001018606915834373,4.654428045774026e-06,0.0009608179490414206,-0.0002816588988670927,-0.001018606915834373,3.448034276655053e-05,-7.030973883002928e-05,0.00020465847048269092,-0.0002923145615000972,0.0006121366835681933,0.0006255647276491156,-0.0008780120160903676
2506,Zakharov Function,2.2387821630865685e-07,95000,95000,0.0002867450200151275,2.2387821630865685e-07,1.3863344412897371e-05,-0.000127489581634603,1.68735627518846e-05,0.00020800844406786915,-0.0002867450200151275,6.82346109079026e-05,-0.0001913335528685901,0.00012032671158134075,4.7101587376521304e-05,2.7766146142698466e-06
2507,Zakharov Function,9.724081275502053e-12,95000,95000,1.4227174581021163e-06,9.724081275502053e-12,-1.3929136723589834e-06,1.2079668162789e-06,6.62960271076889e-07,1.034666097161169e-07,1.0323028144699704e-06,1.253855833120546e-06,4.79248638613331e-07,3.614887940484116e-07,-8.015637848085083e-07,-1.4227174581021163e-06
2508,Zakharov Function,5.679162164402544e-08,90899,95000,0.00013513725315416326,5.679162164402544e-08,8.625593636366207e-05,-7.715781982355963e-05,6.83396523473501e-05,-9.749010959144328e-05,0.00013513725315416326,4.340094538174927e-05,-3.86958453013605e-05,8.323321426521519e-06,-7.179336272445473e-05,2.5050578870566254e-05
2509,Zakharov Function,1.082055569699654e-09,95000,95000,1.913180526253988e-05,1.082055569699654e-09,4.766049643687166e-06,-1.4705065857071277e-05,-7.768932665168347e-06,-1.913180526253988e-05,7.83407553072053e-06,8.541653784108087e-06,1.121774405132244e-06,1.114388807518017e-05,-1.0613658266221739e-05,4.277438741779061e-06
2510,Zakharov Function,1.66401669747005e-11,95000,95000,2.1610045859262824e-06,1.66401669747005e-11,5.921978196311698e-07,-1.0821081610029136e-06,-1.3721383351881362e-06,-3.3557913505045715e-07,-2.3633452145031018e-07,1.05053683026281e-06,-1.043380671475138e-06,2.1610045859262824e-06,-1.6347677782600415e-06,2.924478837919691e-07
2511,Zakharov Function,7.485151078705704e-12,94975,95000,1.5418462359196195e-06,7.485151078705704e-12,-2.9707526136539993e-07,5.583638455584172e-07,1.360414697487686e-06,5.81906984991271e-07,1.170916354244788e-06,-3.674092123608297e-07,-1.5418462359196195e-06,4.618400462565591e-07,1.9916632930071663e-07,-6.689972872031918e-07
2512,Zakharov Function,2.334187774280326e-06,95000,95000,0.0006113766384936405,2.334187774280326e-06,-9.140216398338591e-05,0.00043742181658612344,-0.0006113766384936405,-0.0005264169677289085,4.9853354386677785e-05,0.0002676358700996661,0.0005450101872616318,-0.0005540987408543997,-0.0003152706690521563,0.0005944189695333747
2513,Zakharov Function,1.1466775012937843e-09,93020,95000,1.7863049345388098e-05,1.1466775012937843e-09,-1.7564896184543572e-06,1.4046794948236453e-05,-7.66050702080453e-06,8.45994434964315e-06,5.881179832561621e-06,1.0835384488960258e-05,1.1976040058039485e-05,-1.7863049345388098e-05,-1.3300108431253866e-05,4.181551737302468e-06
2514,Zakharov Function,2.1778815932312452e-10,95000,95000,7.675855819453869e-06,2.1778815932312452e-10,5.808240321059252e-06,4.801578098500683e-06,7.675855819453869e-06,4.00919401960013e-06,-3.554721687726476e-06,5.683348947160553e-07,-2.182527743496247e-06,-6.975906337489314e-06,5.080971953570065e-07,1.8406686803055408e-06
2515,Zakharov Function,1.1292729698556417e-11,95000,95000,2.0531972018613105e-06,1.1292729698556417e-11,-1.3784859888905137e-06,1.2556298026314868e-06,-2.7436832402273695e-07,2.0531972018613105e-06,-4.021833189293849e-09,-7.277438341620097e-07,8.928411919111415e-07,-1.0001839879790632e-06,8.894126505833334e-08,-5.112052180734011e-07
2516,Zakharov Function,7.923868033255502e-09,95000,95000,5.336297358102459e-05,7.923868033255502e-09,-5.637319034207906e-06,3.93870627155973e-05,1.5652372583841673e-05,4.578452103587965e-06,4.8958471631469055e-05,1.2095413439499045e-05,-2.0369566495382844e-05,-5.336297358102459e-05,1.0606907712913978e-05,4.183749397295282e-06
2517,Zakharov Function,1.6320096088817575e-10,95000,95000,8.236794403749641e-06,1.6320096088817575e-10,1.3298553608933574e-06,1.5300026990278406e-06,-6.027281605169439e-07,4.031169950482272e-06,2.1020250929837584e-06,1.0880677419413225e-07,-8.236794403749641e-06,4.9528851765649736e-06,6.973175085652705e-08,-2.5017596261452265e-06
2518,Zakharov Function,6.236552694772794e-12,95000,95000,1.1828080725405364e-06,6.236552694772794e-12,-7.912812677947941e-07,8.569939626849046e-07,9.728512159781712e-07,-7.811537818220283e-07,-4.494031237524129e-07,1.6336159897883665e-07,6.140042445906226e-07,1.1828080725405364e-06,-1.0949936855963878e-06,-3.0576365459705444e-07
2519,Zakharov Function,7.613373925019222e-11,95000,95000,4.983770974270758e-06,7.613373925019222e-11,4.983770974270758e-06,2.2989560118242195e-06,2.3673883109185976e-06,1.8652942461598602e-06,6.209760170295346e-07,2.8534691277703665e-06,-4.819552447176256e-06,-9.737224490277616e-07,-1.4990798613336002e-06,1.2083322131601096e-06
2520,Zakharov Function,2.277809845653243e-09,95000,95000,2.3662701581715945e-05,2.277809845653243e-09,-1.949523683032627e-05,-2.3272837493585512e-05,-5.708395466662886e-06,-1.565800834518004e-05,-4.700652991962826e-07,4.956111169742692e-06,8.557645129869847e-06,-9.75958849745591e-06,-7.4683951419272525e-06,2.3662701581715945e-05
2521,Zakharov Function,3.1298788734910294e-09,95000,95000,3.066592165193396e-05,3.1298788734910294e-09,4.587601717913477e-06,-8.911804132670184e-06,-1.2211186831395063e-05,1.823980012057745e-05,-2.3541903251544737e-05,3.066592165193396e-05,1.651115055767403e-05,-9.587417405599986e-06,1.2008874827066914e-05,-2.219883285631645e-05
2522,Zakharov Function,4.977236027943301e-09,95000,95000,4.6203891018461424e-05,4.977236027943301e-09,6.2762309012786056e-06,1.690427258315833e-05,4.6203891018461424e-05,1.9727034925681846e-05,1.164739477993495e-05,2.2469586157357052e-05,-3.8054181718605202e-06,-2.9057258486900622e-05,6.2140723609417635e-06,-2.4013461969198886e-05
2523,Zakharov Function,1.0975612808459404e-09,95000,95000,2.0049394274147365e-05,1.0975612808459404e-09,-4.000929425449105e-06,-2.0049394274147365e-05,-1.4916939283152963e-05,-1.1701923204169015e-06,-1.0021746685626445e-06,-5.493670862502146e-06,5.330320187269351e-06,-2.3608649307548387e-06,-4.529479860549935e-06,1.7133215801840956e-05
2524,Zakharov Function,5.793471874691103e-10,95000,95000,1.1545329193327097e-05,5.793471874691103e-10,-2.9163762593551483e-06,1.0476056058427448e-05,7.873697594069198e-06,-9.212785174905255e-06,-3.033652144846863e-06,4.295287774288481e-06,-5.7077702218719434e-06,-4.5179981824606353e-07,-8.03807258320195e-06,1.1545329193327097e-05
2525,Zakharov Function,1.1411681020824059e-07,95000,95000,0.0001644480746346383,1.1411681020824059e-07,7.998243162670894e-05,-5.733309058311496e-05,-8.628040660597311e-05,-6.360210401479868e-05,0.00013061641018962753,-0.00012074558245087435,0.0001644480746346383,-1.626927961633688e-05,-0.0001413258349350124,9.978036744409183e-05
2526,Zakharov Function,4.0247283208161e-10,95000,95000,1.0932301000425729e-05,4.0247283208161e-10,-4.66107976355015e-07,-2.0123000841074953e-06,-4.5454898234994654e-07,8.366203527640344e-06,-8.138766961629547e-06,-1.0932301000425729e-05,6.313829752637749e-06,-7.311922199645119e-07,9.081217756707763e-06,-4.3149987210513566e-06
2527,Zakharov Function,2.2640568579191013e-08,95000,95000,0.00010220899125929704,2.2640568579191013e-08,-1.6486004219038047e-05,1.9306845694179207e-05,-1.9401272668440784e-05,0.00010220899125929704,-3.705174508476279e-06,-1.656319114082511e-05,5.349233434336295e-05,-2.5231164547181913e-05,1.0231820676497263e-05,-6.338168552379534e-05
2528,Zakharov Function,5.978825778995751e-09,95000,95000,5.076239984440193e-05,5.978825778995751e-09,-1.0969599224358585e-06,1.4181200638100215e-05,5.076239984440193e-05,1.874634235017337e-05,1.0488137339759091e-05,-3.800976142632814e-05,1.8846692859074552e-05,-2.4731238597289174e-05,-1.359581316378281e-05,1.1531933929032005e-05
2529,Zakharov Function,2.6223545538239838e-08,95000,95000,7.737338808990527e-05,2.6223545538239838e-08,-2.7902265977706478e-05,5.7195378239934555e-05,1.7341349356704053e-05,-6.840843792371265e-05,5.86917248833827e-05,-7.737338808990527e-05,-5.40569854893636e-05,6.727458070949989e-05,1.7560281851273482e-05,-7.487536076299133e-07
2530,Zakharov Function,3.857667908777398e-09,95000,95000,3.957332628424844e-05,3.857667908777398e-09,1.035927822342342e-05,3.957332628424844e-05,-4.061296919934139e-06,5.584786842082607e-06,-2.331050811279623e-05,3.1571262780396245e-05,-2.1703054028101517e-05,-1.3469877536941294e-07,-9.265460704716347e-06,6.264368229931557e-06
2531,Zakharov Function,1.063926477389246e-07,95000,95000,0.0002244542427850849,1.063926477389246e-07,1.2955917674860604e-05,-0.00010796364999795795,-0.00012109367910613866,0.0002244542427850849,6.211357761429123e-07,-2.8746537491074047e-05,-0.00011968640187794052,2.366034803621046e-05,5.679225276869255e-05,-2.255934332184047e-05
2532,Zakharov Function,1.582261474917243e-07,95000,95000,0.0002382772363823397,1.582261474917243e-07,7.241044914649579e-05,4.10235480202226e-05,-0.0001231516070644186,0.00017929568147112768,0.0002382772363823397,-2.6674330570153955e-05,-0.00012524127347571508,-0.00013221888720928006,4.6324681970225936e-05,-2.227886905367755e-05
2533,Zakharov Function,8.092489483443694e-07,81461,95000,0.0005197774814214593,8.092489483443694e-07,0.0003647767473127777,7.236719199950272e-05,0.0005197774814214593,9.095576919198654e-05,-4.886821080007254e-05,0.00017067445489965608,-0.00012265363244927236,-0.00035594537959972674,-3.6080628015426846e-05,-1.1492227091927563e-05
2534,Zakharov Function,1.2814793750456515e-09,86436,95000,2.3825126869647895e-05,1.2814793750456515e-09,3.259262448586884e-06,-1.3808333164203979e-05,-4.759208682012188e-06,4.707064154319863e-06,-1.1441843516459316e-05,2.3825126869647895e-05,-1.7664205458416e-05,2.002178016958279e-06,4.428901401473951e-06,-3.339430977439931e-08
2535,Zakharov Function,1.3994072198939056e-10,95000,95000,6.05497645770151e-06,1.3994072198939056e-10,3.1630630463652053e-06,-2.981763645314764e-06,-4.7667141265654904e-06,-2.787478543968678e-06,-5.644657753126844e-06,-6.178875745180394e-07,-2.840395272814875e-06,2.3437760042793033e-06,6.05497645770151e-06,1.1364744559647631e-07
2536,Zakharov Function,2.783013762824877e-08,95000,95000,8.424319041663152e-05,2.783013762824877e-08,-2.2445120182541957e-05,-7.363027020911429e-05,1.9709260818407443e-05,3.2714975490367464e-05,-1.6471333286927427e-05,8.008405014471703e-05,-8.424319041663152e-05,-2.5503632208997714e-05,-4.906102686852897e-06,2.7474771111692103e-05
2537,Zakharov Function,3.366967445552702e-11,95000,95000,3.5876245427351607e-06,3.366967445552702e-11,5.844357734723961e-08,7.161516427619287e-07,1.6460567829221012e-06,-6.879550142612725e-07,-1.0857872967406294e-06,2.2802274026448545e-06,4.991262865784728e-07,-1.421106113163722e-06,-3.5876245427351607e-06,2.888848123208948e-06
2538,Zakharov Function,2.003540825157221e-10,95000,95000,7.962710203262017e-06,2.003540825157221e-10,2.3293596960946064e-06,-4.280121142618079e-06,3.1095097532036663e-06,1.6279539683913091e-06,-7.962710203262017e-06,-7.602951071956437e-06,4.894769016000564e-06,3.349212197179927e-06,8.851972359860385e-08,1.8242642330364095e-06
2539,Zakharov Function,4.973823328540692e-09,91513,95000,3.727662823032079e-05,4.973823328540692e-09,-8.892956656903979e-07,1.3706988302095288e-05,3.618513040837612e-05,-2.2372527096671345e-05,3.205840917783656e-07,-6.032191356542617e-06,-4.324158627226e-06,2.591252250093391e-05,-3.727662823032079e-05,9.178792985912312e-06
2540,Zakharov Function,5.280816196081342e-09,95000,95000,4.121871342702392e-05,5.280816196081342e-09,-1.4580976924337964e-05,-4.121871342702392e-05,-8.52741297398638e-06,1.4337216650828964e-05,3.23965808198912e-05,-7.576762004479598e-07,-3.20549146095855e-05,9.545772003039137e-06,-7.914715128153955e-06,1.7422558785595726e-05
2541,Zakharov Function,2.700986544375958e-07,95000,95000,0.00035688456892884893,2.700986544375958e-07,1.7639030686341047e-05,0.00016380755946917802,-0.00021963923056302515,-0.00035688456892884893,-0.00016112373839857432,-2.7969733276963112e-05,0.00011657945288495844,6.600404772723488e-07,2.664469766103779e-05,0.000158276754357657
2542,Zakharov Function,4.3347320745788774e-08,95000,95000,0.00016230272767530114,4.3347320745788774e-08,4.0129165877994495e-06,-3.6278378089160526e-05,8.394242221883002e-05,2.208234606933827e-05,-0.00016230272767530114,-4.120831256133956e-05,2.469042363772855e-05,9.60663376666361e-06,-2.0640571175803885e-05,7.28432043107375e-05
2543,Zakharov Function,1.5813675390069e-10,95000,95000,7.624214140666361e-06,1.5813675390069e-10,-2.0047309484371136e-06,-7.624214140666361e-06,-2.223621451493868e-06,-1.9446541134595955e-06,-1.979931922501334e-07,2.3784616821743337e-06,-3.5832820096021637e-06,5.369692784852705e-06,1.8743889439160344e-06,-2.7099275342076063e-06
2544,Zakharov Function,3.837085716123117e-09,95000,95000,3.114917336140009e-05,3.837085716123117e-09,-3.114917336140009e-05,-2.0342632717022102e-06,-1.913912842261043e-06,-2.193600802472108e-05,1.9042059252600973e-05,2.7613922445503565e-05,-2.190549320791925e-05,6.319354781568754e-06,1.5868699895306612e-05,-1.381524991277973e-05
2545,Zakharov Function,6.839308538723807e-08,95000,95000,0.00015791970965084294,6.839308538723807e-08,-0.00014726383306541484,6.763748244366908e-05,-8.263488257227475e-05,4.324418958580322e-05,-4.3906397300550324e-06,-3.198220342095615e-05,0.00015791970965084294,-8.289331446016262e-05,-1.6526704819518203e-05,-2.744602908944096e-06
2546,Zakharov Function,4.0148910777448027e-10,95000,95000,1.2178458124655881e-05,4.0148910777448027e-10,-1.2566751524260676e-06,5.726029800147788e-06,-2.4703696562564195e-06,8.50941556766192e-06,-1.2178458124655881e-05,8.301770430854351e-06,-5.067758042957023e-06,9.734917198687502e-07,-4.849968717773382e-06,4.60199150286976e-06
2547,Zakharov Function,3.457665088192172e-11,95000,95000,2.8108387716356334e-06,3.457665088192172e-11,3.1770423222552236e-07,-2.8108387716356334e-06,6.07009469083974e-07,-2.30016047449728e-06,2.1640468996525486e-06,1.1810277147863908e-06,-9.641941027653563e-07,4.314321191142702e-07,6.243312669451574e-07,-1.4266086819330016e-06
2548,Zakharov Function,1.251041732246484e-10,95000,95000,6.592222450922128e-06,1.251041732246484e-10,1.092869594338857e-06,-1.5681336809616484e-07,-2.052677726361028e-06,-6.592222450922128e-06,-6.285625480888873e-06,5.37509119160955e-08,3.154304044662635e-06,-1.1614581304705488e-06,2.677455714002271e-06,3.169181317777999e-06
2549,Zakharov Function,9.901432114572223e-10,95000,95000,1.5045459215132641e-05,9.901432114572223e-10,-1.9703224142181332e-06,9.333474763984077e-06,-1.4709610741294582e-05,-1.2071594921296596e-05,-1.4054647316386993e-05,5.1559679032693315e-06,-6.228741390605775e-07,1.5045459215132641e-05,2.5898642568471358e-06,-6.473878496448623e-07
2550,Zakharov Function,1.3960244262526413e-07,95000,95000,0.00018110116179071676,1.3960244262526413e-07,1.2060081353107945e-05,6.980632016143162e-05,-1.073158966570935e-05,-0.000131605612264576,6.87572969972735e-05,-0.00018110116179071676,0.0001750780895856005,0.00011614553596452051,3.8378642666843154e-05,-0.00015501449703359243
2551,Zakharov Function,6.70679544845331e-08,95000,95000,0.0001376660187068848,6.70679544845331e-08,9.04217407730998e-06,0.00013448354695402734,-7.106024776878147e-05,8.095406824132795e-06,7.75446348500437e-05,0.0001376660187068848,-7.245879675846559e-05,-0.00011345539350977456,1.6956913909116792e-05,-8.211917999334365e-07
2552,Zakharov Function,6.157475672356492e-07,95000,95000,0.00048299196592292075,6.157475672356492e-07,0.00018673515442935542,0.00033748480131298687,0.00019267167962845133,7.555936776981962e-05,0.00018198409429475898,6.770334861883073e-05,0.0002185321314526933,-0.00048299196592292075,-0.00022317344263828205,0.00016261941894325945
2553,Zakharov Function,3.2636941018246096e-08,88948,95000,0.0001204799648898804,3.2636941018246096e-08,6.773084293357802e-05,2.68691375997275e-05,-2.488767310845891e-06,5.7875446763081795e-05,3.101410901785837e-05,0.0001204799648898804,-2.7546425028897003e-05,-7.177656234244335e-05,-4.785030075007537e-05,8.49379051704824e-07
2554,Zakharov Function,5.053546305920675e-10,95000,95000,1.449349991109741e-05,5.053546305920675e-10,1.449349991109741e-05,1.043066223061535e-05,-5.62485250381434e-07,3.832914820830749e-07,-4.047205834912386e-06,8.834251413716469e-06,-1.3271056435242454e-06,-2.783040454063711e-06,4.451742445757522e-06,-7.835908423594512e-06
2555,Zakharov Function,8.129147266619082e-10,95000,95000,1.310341980958728e-05,8.129147266619082e-10,1.310341980958728e-05,-8.142524108742658e-06,1.198017384301949e-05,-2.2869100500538864e-06,2.9701338625663584e-06,-8.65224375694587e-06,-9.668105287327665e-06,1.9732140406798982e-06,-5.738956042714489e-06,9.489035156252143e-06
2556,Zakharov Function,3.4157599233356197e-09,95000,95000,2.805027440519536e-05,3.4157599233356197e-09,1.0013347112440927e-05,2.3973207478015226e-05,-1.407319733026434e-05,-1.618238068524888e-05,-7.85620906016403e-06,-1.2648748062488315e-05,1.3452876473609752e-05,2.805027440519536e-05,-6.749531641744594e-06,-2.925147095373537e-06
2557,Zakharov Function,9.195808837118349e-08,95000,95000,0.00016928140007937997,9.195808837118349e-08,0.00013405671718275136,-5.4060721077657214e-05,0.00016928140007937997,0.00011902774909874511,6.896596655289207e-05,4.1816397373233854e-05,1.1442873688607472e-05,-1.4050113837289383e-05,-3.5699755801497523e-05,-0.00013433722283161037
2558,Zakharov Function,1.4382592284170311e-09,95000,95000,2.7045402710215265e-05,1.4382592284170311e-09,1.0515843773133872e-05,-1.1990342163232723e-05,2.7045402710215265e-05,-1.023440666474297e-05,-2.86162420288749e-06,5.52932686921203e-06,-5.9844087683775305e-06,-1.2966203118350136e-05,2.390292707376683e-06,6.307747002735214e-06
2559,Zakharov Function,6.4048454213929e-10,95000,95000,1.3047239315128934e-05,6.4048454213929e-10,5.491769593577604e-06,3.408168614600805e-06,-6.440704036129031e-07,2.735632273127499e-06,1.3047239315128934e-05,-8.206574113684973e-06,-1.0130248127871533e-06,-1.0749118765171507e-05,-8.401852904484423e-06,1.2691788487465547e-05
2560,Zakharov Function,2.033531678694172e-09,95000,95000,2.4531166600058272e-05,2.033531678694172e-09,5.060943790917748e-06,-2.4020300129953432e-05,-3.899313543064431e-06,2.3307710714040122e-07,8.15884288290307e-06,-1.5266425422722887e-05,3.0655002382829225e-06,-1.2082561362132015e-05,-1.0750771068326715e-05,2.4531166600058272e-05
2561,Zakharov Function,5.466380077818469e-11,92677,95000,4.336587898427237e-06,5.466380077818469e-11,-7.600765094886991e-07,-1.4750352362907434e-06,3.898008103108743e-06,-1.1035227379379805e-06,-3.102177414117438e-06,-1.3310789563324631e-06,-1.1842630771985069e-06,7.678925250481426e-07,4.336587898427237e-06,-1.4861001042213801e-06
2562,Zakharov Function,4.722827611381335e-11,95000,95000,5.217768909048795e-06,4.722827611381335e-11,-2.539949623773054e-06,5.217768909048795e-06,-1.0202847779130718e-06,-2.689809915493975e-07,-3.410875408115335e-07,1.9078201373803215e-06,-3.560206583057457e-08,-1.9037401067838732e-06,-1.424012938032521e-06,1.2340406813726388e-06
2563,Zakharov Function,1.0660940254259998e-11,94449,95000,1.5754012660829643e-06,1.0660940254259998e-11,-1.5754012660829643e-06,-1.4019151378223676e-06,4.075277959795885e-07,9.062725730549417e-07,4.7017471342914626e-07,-2.4145398403128133e-07,2.9416064506300807e-07,9.992446927631763e-07,5.158651723556876e-07,-1.3378825968858278e-06
2564,Zakharov Function,5.4576236606171096e-08,95000,95000,0.00014346497074354191,5.4576236606171096e-08,4.5254934064118896e-05,-3.50840384720376e-05,7.593475307990031e-05,8.97074293934608e-05,9.967100841307277e-06,-0.00014346497074354191,6.000743298254074e-05,8.973239756956e-05,-3.2570458955260205e-05,-5.215594027026295e-05
2565,Zakharov Function,8.436861114671528e-10,95000,95000,1.0666718813547051e-05,8.436861114671528e-10,6.651965374526864e-06,4.443766599819877e-06,-3.4072015577363755e-06,-4.909588300743787e-06,-4.04696249901797e-06,1.0666718813547051e-05,-1.0173481563352831e-05,4.828901189730697e-06,7.581635925387048e-07,-4.679142268401258e-06
2566,Zakharov Function,1.3002589325654238e-10,95000,95000,6.258344422283335e-06,1.3002589325654238e-10,4.249982970899588e-06,-2.0699785590595794e-06,4.48898846564927e-06,4.593123620932439e-06,-6.258344422283335e-06,-3.5369781361484365e-07,-3.3427914866906057e-06,-5.04527965551747e-07,3.882789113158094e-06,-6.855227146099243e-07
2567,Zakharov Function,1.1765047476562204e-09,95000,95000,1.8491326618309475e-05,1.1765047476562204e-09,4.025644958342077e-06,-5.802425020808502e-06,6.547037856430473e-06,1.546359829765458e-05,-1.0298374539215238e-05,-7.95662931748735e-06,1.8491326618309475e-05,7.652893794142767e-06,-1.585650022629375e-05,-1.3349196908060715e-06
2568,Zakharov Function,6.704398698464364e-09,91701,95000,4.999972823409735e-05,6.704398698464364e-09,-3.185686511756307e-05,-2.0984700547943048e-05,-1.6587619953395453e-05,-4.999972823409735e-05,1.967444157615159e-05,-1.5366021302349534e-05,-7.997033297284738e-06,1.396173283173544e-05,-8.745699853713104e-06,3.666018887035866e-05
2569,Zakharov Function,1.37672946920018e-06,95000,95000,0.0006376475646249971,1.37672946920018e-06,0.00010220326074737501,0.0003721205569525893,0.00011088344333153895,-6.154363483491854e-05,-0.0005040903695499285,-0.00014917298483633638,0.0006376475646249971,-0.00023599737748150276,-0.0004644491826295772,0.00045398756351535405
2570,Zakharov Function,1.296158637836537e-07,95000,95000,0.0001990215811619784,1.296158637836537e-07,5.041289586647178e-05,-3.4850354829399824e-06,0.00011805544158158146,-0.0001043497834548811,-3.182791564220771e-05,-0.0001990215811619784,-0.00017115788391524204,0.0001207939133670443,0.00012432704114609058,4.684028311746668e-05
2571,Zakharov Function,1.8454386363839678e-10,95000,95000,7.747267754751214e-06,1.8454386363839678e-10,-2.9377101877005645e-07,2.80368943605769e-06,-7.747267754751214e-06,-1.8775001299895235e-06,-4.467308238955909e-06,-5.02596970426024e-06,-1.4712582354380871e-07,1.4970192024000416e-06,-1.1399758778136045e-06,6.91213444438151e-06
2572,Zakharov Function,7.926939765841326e-07,95000,95000,0.0004866239112788608,7.926939765841326e-07,0.00030815939726165723,-0.00012790322375477717,-0.00038550463157043533,-0.0004866239112788608,-4.866409575937145e-06,0.00031841954279498194,-0.0002448351333992745,0.0001846998234647199,6.983652046910771e-05,0.00013304214087196236
2573,Zakharov Function,9.815705193948734e-07,95000,95000,0.0005645110085298734,9.815705193948734e-07,-0.0005645110085298734,9.828639764349523e-05,0.00019426307015670504,5.1123188597842074e-05,0.00015341310072224676,0.00042417911276941447,-0.0005127272395234928,-3.0030086144673218e-05,0.00029068479952776624,-0.00024457773503683673
2574,Zakharov Function,3.648397339497299e-10,95000,95000,8.862476251103137e-06,3.648397339497299e-10,-3.7626041635123695e-06,6.6073383384823795e-06,6.432406579446526e-06,2.067102032766386e-06,4.780659577171321e-06,-3.1109250361419127e-06,-8.370983155249198e-06,-8.862476251103137e-06,2.7300200190558076e-06,4.8656848935706546e-06
2575,Zakharov Function,5.5211472569864724e-11,95000,95000,3.9053080096436115e-06,5.5211472569864724e-11,-2.756061899432869e-06,5.466784390338765e-07,-2.149781563515513e-07,-2.6831570206708615e-06,3.9053080096436115e-06,-2.9386790356627006e-06,-1.3827398298181464e-06,2.352701249226174e-06,1.2636556139390318e-06,-1.3930002694576914e-06
2576,Zakharov Function,1.2507318138802481e-08,95000,95000,5.571985900788611e-05,1.2507318138802481e-08,3.2902802951378345e-05,6.774941542422221e-06,2.5109745967686303e-05,-2.8827408180752863e-05,-5.571985900788611e-05,-2.3167370982213635e-05,1.6129659588667228e-05,3.463189472602797e-05,5.1581817690347235e-05,-3.939170931266992e-05
2577,Zakharov Function,6.913167276359546e-10,95000,95000,1.1822728218115715e-05,6.913167276359546e-10,4.41995396513463e-07,9.133687832835328e-07,1.1819692530215289e-05,4.439872000557039e-06,-1.1822728218115715e-05,9.411199908829453e-06,-1.0941696870249683e-05,2.8147042249484283e-06,9.890203657084312e-06,-8.77852571819467e-06
2578,Zakharov Function,1.9219061731302417e-08,95000,95000,0.0001185284935187381,1.9219061731302417e-08,-1.101584293487094e-05,-0.0001185284935187381,1.9410696031401635e-06,4.4966585924078925e-05,3.753951367530598e-05,3.191737983829619e-05,-1.5139927547119547e-05,-4.4482239335444935e-06,-4.349887872297028e-06,-1.0693300525046147e-05
2579,Zakharov Function,1.2602457206979652e-07,95000,95000,0.00019666875862055493,1.2602457206979652e-07,2.8065911288559448e-05,0.00019666875862055493,-6.548470255822271e-05,9.520188975460086e-05,3.223384540672794e-05,-0.00010785744762932124,9.463842128260494e-05,-0.00019030587424941206,5.9230308854420406e-05,-1.0612397905426083e-06
2580,Zakharov Function,1.8234580799676096e-09,95000,95000,2.378290639738498e-05,1.8234580799676096e-09,3.954234442332445e-06,2.378290639738498e-05,1.728163869252462e-05,7.046296765590783e-06,-1.3740440736398634e-05,-1.0096668125698992e-05,1.4510349121154117e-05,-1.8840551125599592e-06,-1.8169121604654293e-05,6.740758385837541e-06
2581,Zakharov Function,3.112356441235733e-10,95000,95000,8.258540698293567e-06,3.112356441235733e-10,-3.845527690962964e-06,7.520565712210437e-06,-5.065563004073644e-06,-8.258540698293567e-06,1.5519108028546532e-06,8.826580598052078e-07,3.581503797464101e-06,4.135711185781286e-06,4.219528895415492e-06,-8.253957062833238e-06
2582,Zakharov Function,3.946275258699422e-10,95000,95000,1.1739966903293504e-05,3.946275258699422e-10,6.175347791401267e-06,1.1739966903293504e-05,-5.054833832363825e-06,6.205558307580152e-06,-1.117865442789403e-06,-5.063180825579786e-06,-5.95856378736464e-06,8.287638843327353e-06,-2.1821478888547273e-07,-3.3058296342894933e-06
2583,Zakharov Function,1.901752658129445e-09,95000,95000,3.782459552526607e-05,1.901752658129445e-09,-5.3798134444786115e-06,-9.318241247244268e-06,-1.0075239933330603e-06,4.481122049427233e-07,-3.782459552526607e-05,8.595496785187323e-08,-1.941164278999357e-06,1.693436330215372e-05,5.686686994053912e-06,3.157642272661752e-06
2584,Zakharov Function,8.341303229457633e-09,95000,95000,6.567877880185144e-05,8.341303229457633e-09,-5.5032542215454665e-06,4.905762927202903e-05,1.765574965720216e-05,3.019581958763174e-06,9.94073010745055e-06,3.0662749424177987e-06,1.271681417456838e-05,3.14401208370979e-05,-6.567877880185144e-05,2.8449411143765285e-06
2585,Zakharov Function,1.1767496508693443e-09,95000,95000,1.484637198730829e-05,1.1767496508693443e-09,-7.943778526130666e-06,-9.102709859069382e-06,-1.3670926839316432e-05,-9.375251660385742e-06,-1.252210448952003e-05,3.601907966324869e-06,-4.884399698742866e-06,-4.4883551538006235e-06,3.570685660969089e-06,1.484637198730829e-05
2586,Zakharov Function,3.375819956266492e-09,95000,95000,3.856173678296642e-05,3.375819956266492e-09,5.059994392488589e-06,-3.856173678296642e-05,-1.0172514059898161e-05,1.1433861104666522e-06,1.9549558122566276e-05,4.020658682961729e-06,2.480676359132062e-05,1.3419744048258931e-05,-1.1648186147414505e-05,-1.7930794665222277e-05
2587,Zakharov Function,1.3458517998433801e-10,95000,95000,5.976892731531831e-06,1.3458517998433801e-10,-4.694431467903204e-07,-5.381615839339585e-06,-2.238369577476863e-06,5.976892731531831e-06,-4.002717804636555e-06,-3.358945003546404e-07,3.646227866833428e-06,2.4213160056077507e-06,-5.136116580769051e-06,1.730687484733054e-06
2588,Zakharov Function,1.0049839990617533e-10,95000,95000,6.2927276063872045e-06,1.0049839990617533e-10,2.0206037989021225e-07,3.8924528118037085e-07,2.401513284929315e-06,-1.0435839929438819e-06,-5.816884178672725e-06,1.7571654621121787e-06,-3.459464277983725e-07,6.2927276063872045e-06,-2.131856724798152e-06,-7.355320877977064e-07
2589,Zakharov Function,9.379421510746291e-08,95000,95000,0.00017038896232843015,9.379421510746291e-08,0.00011437324462363088,-6.327542342077089e-05,-0.00012193207897370068,-8.714492308113691e-05,1.793918734588072e-05,-5.352004420896515e-05,0.00017038896232843015,7.643788863362243e-05,3.722877416380483e-05,-0.0001208780101404268
2590,Zakharov Function,1.1991817624101624e-07,95000,95000,0.00016826098795831807,1.1991817624101624e-07,-0.00016826098795831807,-1.1389366060166224e-06,0.00016715233824498988,-4.384717523544843e-05,0.00010319175411598324,-0.0001162128243483577,-3.149467734479438e-05,6.182305464814466e-05,-7.879500343973102e-05,1.3597669979170123e-05
2591,Zakharov Function,1.1846141867378628e-08,95000,95000,6.390780143459951e-05,1.1846141867378628e-08,-2.4199228858240467e-05,6.367544816948987e-05,2.3827125684701905e-06,2.2842498186090795e-05,-6.390780143459951e-05,-3.024411398182519e-06,2.6235409521725527e-05,-2.974401099552058e-05,-9.130570038168218e-06,2.3327030591381887e-05
2592,Zakharov Function,6.699006335274127e-07,95000,95000,0.0006799064996845432,6.699006335274127e-07,1.7176986564855674e-05,0.0001714717541744609,2.6668567983912063e-05,-0.0006799064996845432,2.9021416809724138e-05,0.00026217356044785234,0.0002639197034936465,-0.0001167942899089582,1.5727890089169654e-05,-1.850135122649983e-05
2593,Zakharov Function,1.6244851581383932e-13,95000,95000,3.223117604712802e-07,1.6244851581383932e-13,8.064246077931149e-08,-1.96508847072755e-08,-3.223117604712802e-07,-1.3739107720877878e-08,1.0797142985569632e-08,6.921730600314895e-08,7.99759459939209e-08,-1.2459709109881452e-07,-4.3956665010678376e-08,1.1485339248416866e-07
2594,Zakharov Function,2.336769855409153e-11,95000,95000,2.8752076634868377e-06,2.336769855409153e-11,-3.336580770101747e-07,-1.354757335768068e-06,1.6520518719001024e-06,1.3099369362965345e-06,8.493714020126974e-07,2.2745434238564956e-07,4.624477578272359e-07,1.4497843206187596e-07,-2.8752076634868377e-06,3.2025668306649317e-07
2595,Zakharov Function,5.479429807517708e-10,95000,95000,1.2198908372147603e-05,5.479429807517708e-10,3.2032183555034254e-07,-3.666919332309698e-06,3.000706979786188e-06,1.2198908372147603e-05,-3.6718286383389106e-06,1.861065865685361e-06,7.637198321471853e-06,1.0446939798970048e-05,-1.1525014884073905e-05,-7.702935925644623e-06
2596,Zakharov Function,7.384394271109646e-11,95000,95000,4.8740606147448496e-06,7.384394271109646e-11,-4.8740606147448496e-06,-1.0137643973369775e-06,2.2993082598950925e-06,4.207516531494642e-06,3.2396017934655877e-06,1.1953585729049985e-06,-2.2716996784883154e-06,4.231121379042694e-07,-1.5384172240260232e-06,-9.095818551930203e-07
2597,Zakharov Function,1.3876146237217365e-08,95000,95000,6.588151527727392e-05,1.3876146237217365e-08,-5.6355613109967864e-05,-2.393013672446718e-05,1.6821698960972848e-05,-6.588151527727392e-05,2.688906344736225e-06,-3.883616761171611e-05,-3.3781364967473493e-05,3.1793347076500744e-05,3.225793368739411e-05,1.8626141006032274e-05
2598,Zakharov Function,6.739335128219356e-10,95000,95000,1.1819490314467446e-05,6.739335128219356e-10,-7.459269780320685e-06,-4.023626628514548e-06,2.8638309266964095e-07,-3.175862896399258e-06,6.560838271071238e-06,-1.1819490314467446e-05,1.1145767124754938e-05,-9.406186874567678e-06,6.6656309672234985e-06,-2.15795177711354e-06
2599,Zakharov Function,8.510965555417762e-10,95000,95000,1.601467761118915e-05,8.510965555417762e-10,1.1324473361672041e-05,3.0144732455198736e-07,-1.3149338854339128e-05,4.797828582478117e-06,1.1345711970307995e-05,-1.0404520773959787e-06,-6.750094848612296e-07,4.2508890807197176e-06,1.056999352703976e-05,-1.601467761118915e-05
2600,Zakharov Function,1.0132187970384836e-08,99000,99000,5.855737991048922e-05,1.0132187970384836e-08,5.855737991048922e-05,1.129442774399031e-05,-2.3340297494601907e-06,3.04684400848459e-05,-1.0654766853149256e-05,1.7409228732546882e-05,2.2601740155792785e-05,-3.386328901352448e-05,3.238443263887494e-05,-3.5501054800449725e-05
2601,Zakharov Function,3.9387536991812035e-09,98054,99000,3.518276447192149e-05,3.9387536991812035e-09,-1.1967740864578188e-05,-1.1285478378561349e-05,-2.1214408470983888e-05,2.7842278620901445e-05,1.7027082462115944e-05,-4.491020187929146e-06,-3.518276447192149e-05,2.0748145739277985e-05,2.1943557734162837e-06,-5.241191283519552e-06
2602,Zakharov Function,1.1506997230231743e-08,93126,99000,7.534013851251533e-05,1.1506997230231743e-08,1.574897184517215e-05,1.1096405741555558e-05,3.4622577203025447e-06,-1.6159016689900458e-05,5.189975720293675e-05,-7.534013851251533e-05,3.620408589290396e-05,-3.6806815655665364e-06,5.699904053187954e-06,9.833734870824483e-08
2603,Zakharov Function,4.9339141575915715e-12,99000,99000,1.206732863674445e-06,4.9339141575915715e-12,9.472332736244218e-07,1.456634341509298e-07,-1.206732863674445e-06,1.1516518252488587e-06,-2.1859364189970995e-08,-4.2952393607076096e-07,-6.229527615056514e-07,5.674636147598129e-07,4.185998937808109e-07,-3.771007240727046e-07
2604,Zakharov Function,2.038991359029552e-09,96919,99000,2.0149971796946855e-05,2.038991359029552e-09,-4.981037552112646e-06,-2.0149971796946855e-05,1.7417638074844436e-05,1.2310131214525042e-05,-1.8926835785457957e-05,1.7936697944620032e-05,5.933297070910346e-06,-1.795908016529716e-05,7.609783179862699e-06,-2.0950377116568405e-06
2605,Zakharov Function,1.7056797612502375e-12,99000,99000,8.957448816641295e-07,1.7056797612502375e-12,-2.811790763210695e-07,1.3365363609207107e-07,1.7742276987317992e-07,6.093424027886464e-07,-2.6892251969417075e-07,-8.957448816641295e-07,-2.737072649236179e-07,8.929459208297566e-08,7.040646977278427e-08,3.6721394273929917e-07
2606,Zakharov Function,3.92802500928169e-08,99000,99000,0.00015540510809846828,3.92802500928169e-08,1.8072596781790024e-05,-7.156447163492698e-05,-3.5866392477424636e-06,0.00015540510809846828,1.526681742785996e-05,-4.5687750229921195e-05,-3.6438349952964426e-05,5.1176002819898e-05,-5.711526473759045e-05,8.751315814119137e-06
2607,Zakharov Function,3.6771812568917863e-09,99000,99000,3.905977627557946e-05,3.6771812568917863e-09,2.0525118827019497e-06,-4.65521982902043e-07,-3.2203984064980426e-05,-3.905977627557946e-05,9.548349339857915e-07,-3.7367424278651383e-06,-1.2869386249075802e-05,-9.98885095044192e-07,2.4501493179731802e-05,1.1975374574013738e-05
2608,Zakharov Function,9.31161072852316e-08,93727,99000,0.00019597512453639328,9.31161072852316e-08,8.582462595366845e-06,-2.9779295738862043e-05,-1.628257409597675e-05,-7.103694624890108e-05,0.00019597512453639328,6.722264072616838e-05,-3.866135401023679e-06,0.00012109946002677205,-0.00016504582515715365,-4.3439087860447164e-05
2609,Zakharov Function,3.164610635305913e-06,99000,99000,0.0009616809488630267,3.164610635305913e-06,-0.0005561282769219806,0.000563634479231156,0.00015849840612602834,0.0005472898357897797,4.381681035565171e-05,-0.0005197040292161722,-0.0009616809488630267,0.0007028361812229815,-0.00022579341400604766,0.00014632418552783873
2610,Zakharov Function,1.3214398552281528e-09,99000,99000,2.1047470546556753e-05,1.3214398552281528e-09,2.8849155025328547e-06,-1.5006127530764664e-05,2.1047470546556753e-05,-4.7026389913849495e-07,1.998553003067534e-05,-6.4578758957536145e-06,-8.643806454754977e-06,1.6593281900983078e-07,1.1541081236251853e-06,-2.4474468749109747e-06
2611,Zakharov Function,3.6352245686855e-11,99000,99000,3.5929440452341173e-06,3.6352245686855e-11,-3.5929440452341173e-06,-2.7497646156190117e-06,2.034207499092476e-06,-7.947678829062003e-07,-2.2243715942662914e-06,-1.4006675716909368e-06,6.201117265698378e-07,9.146966543970048e-07,-3.4908799311366805e-07,1.6226958031213505e-06
2612,Zakharov Function,1.8408297915031578e-08,92705,99000,7.435653270499713e-05,1.8408297915031578e-08,-7.435653270499713e-05,7.406548202003438e-06,2.1815398369946772e-05,6.222310093893135e-06,-2.061446402873275e-05,-6.268611152334223e-05,2.6332373081623014e-05,-2.894259252381428e-06,4.541827493877286e-05,-2.562153384872362e-05
2613,Zakharov Function,2.0013487860607715e-11,89825,99000,3.5903713224456858e-06,2.0013487860607715e-11,3.5903713224456858e-06,4.0929880624117596e-07,5.192248225518412e-07,-1.3193504672147394e-06,-5.947826740833027e-07,1.3953819937882641e-06,-4.479801421009563e-07,-4.1079433013120956e-07,1.043435026736689e-06,-7.471939682408955e-07
2614,Zakharov Function,2.0567171852249837e-09,99000,99000,2.5679476743488697e-05,2.0567171852249837e-09,1.6732607529176345e-05,1.5191050235621317e-05,-2.1398683191609135e-05,-1.0490450396115026e-05,1.4261325094344854e-06,7.754830060015762e-06,-4.160449306561118e-06,2.5679476743488697e-05,-1.63170072436054e-06,-1.4767359436813554e-05
2615,Zakharov Function,6.531456178131264e-08,99000,99000,0.0001374905376534062,6.531456178131264e-08,-5.537150817174315e-05,-0.0001374905376534062,-5.9444649033581764e-05,4.794256746438959e-05,5.7944577523454975e-05,1.648953853783474e-05,8.82555330524947e-05,-9.208050951346535e-05,-9.127214305071422e-05,7.467719810572203e-05
2616,Zakharov Function,1.4930154655710283e-10,99000,99000,7.2417550270858005e-06,1.4930154655710283e-10,-5.35713180603713e-06,2.332301295102485e-07,6.098431792161318e-06,-1.72609630453452e-06,3.231605715912906e-06,9.23679783399482e-07,5.231506327519865e-07,-3.502560815582147e-07,-7.2417550270858005e-06,3.0953723420823916e-06
2617,Zakharov Function,3.8624235339742795e-06,99000,99000,0.0015050543586537268,3.8624235339742795e-06,0.00019002310876397438,-0.00039534012746307134,0.0006730752257166628,-0.00018892525144681904,0.00018989391712864804,0.0008733185239085223,-0.0015050543586537268,0.0001601046092517826,0.00028238148086289427,-3.468721011222177e-05
2618,Zakharov Function,1.0562872121580999e-10,99000,99000,4.867595396868072e-06,1.0562872121580999e-10,5.811039302155467e-07,1.1592400240888889e-06,-4.843657109067464e-06,-3.6045334416057544e-06,-3.853089422244608e-06,-3.067323761852611e-06,2.006752926644559e-06,3.0107158213091725e-06,-2.3524223217146545e-06,4.867595396868072e-06
2619,Zakharov Function,1.269047621843011e-07,86878,99000,0.00021689711799876318,1.269047621843011e-07,-0.00014139654763767025,-0.00021689711799876318,-8.858318055800042e-05,0.00012790350971139062,-0.00012235960653535194,-5.0890325875334986e-05,4.0711282820755446e-05,-2.242447140381715e-05,1.3748766449698696e-05,0.00011274095736285542
2620,Zakharov Function,3.1603771606442715e-11,99000,99000,2.9069437476948373e-06,3.1603771606442715e-11,8.020040257642088e-07,6.858579310143832e-07,5.917018780201676e-07,2.9069437476948373e-06,3.06995967071338e-08,2.606974137955898e-07,2.0822745869712815e-06,-1.653752856520528e-07,-8.548895503580388e-07,-2.862628215648268e-06
2621,Zakharov Function,7.64391964201217e-11,99000,99000,4.773856510036125e-06,7.64391964201217e-11,1.3230505654136098e-06,1.1207877415081116e-06,4.773856510036125e-06,3.2649094525750475e-06,-1.1295099639788387e-06,2.7046566268725444e-06,-6.069757044414539e-07,-2.1246770925274886e-06,2.1647703608783326e-06,-3.3187400865030207e-06
2622,Zakharov Function,2.5103617192080397e-09,99000,99000,3.392506898716961e-05,2.5103617192080397e-09,8.317881100247632e-06,-3.03118043827785e-05,9.144602082400501e-06,6.939620010730181e-06,3.392506898716961e-05,2.5643129578609536e-06,-7.628217986152801e-07,-7.68162815005064e-06,-1.0663948488481947e-06,-9.296581247422498e-06
2623,Zakharov Function,3.378014057976612e-11,99000,99000,3.038163219919089e-06,3.378014057976612e-11,3.1717657382114184e-08,2.056736866093426e-06,-1.8478739920135248e-06,3.918985063243148e-07,5.7121285745899834e-08,-1.9542669228518527e-06,7.745987486378434e-07,-3.038163219919089e-06,6.454157201135177e-07,2.829698002791872e-06
2624,Zakharov Function,2.5205401189550887e-09,99000,99000,3.5402744754920506e-05,2.5205401189550887e-09,1.4827086819203697e-06,-9.553759722173233e-06,-1.3709802549813075e-05,-1.098902654105511e-06,3.5402744754920506e-05,-1.448487041867655e-06,-2.3999919414201624e-05,2.689240602314311e-07,9.810760694317013e-06,7.566667272192418e-07
2625,Zakharov Function,3.6843249260124916e-11,99000,99000,3.3374391919659263e-06,3.6843249260124916e-11,-9.63273659048397e-07,-1.1605984865181785e-06,2.14770359319215e-06,3.5150668573611615e-07,1.8773809689909485e-06,-1.9689903875422977e-06,-2.1682116399850284e-06,-1.1657699620903e-06,-1.5888207492573747e-06,3.3374391919659263e-06
2626,Zakharov Function,5.579125596217804e-10,99000,99000,1.279815614740113e-05,5.579125596217804e-10,6.241351315542145e-06,-5.295621620614735e-06,1.9056376250357537e-06,1.279815614740113e-05,-8.245809243506663e-06,-1.6350552499106396e-06,2.1409659699002567e-06,-6.102709049041615e-06,-5.997477425117871e-06,6.302810452874919e-06
2627,Zakharov Function,1.176889845744531e-06,90789,99000,0.0008640178531113126,1.176889845744531e-06,0.0004361610295472233,5.478381156093093e-05,-0.00024016636496664343,-4.310279455558294e-06,-0.0008640178531113126,0.0003546791243159897,0.00011848000922410522,0.00017792002421639303,-3.869009687606625e-05,5.886042251610189e-05
2628,Zakharov Function,8.174571237362777e-09,97807,99000,5.3935011358131264e-05,8.174571237362777e-09,-2.811112779210414e-05,1.6669138809086495e-05,-2.253991315858628e-05,-3.084950181939274e-05,-2.858004536872218e-05,2.5441110633418133e-06,3.874900792475854e-06,-3.6235576711766255e-05,5.3935011358131264e-05,4.311256161311404e-06
2629,Zakharov Function,2.283956659218787e-10,98385,99000,6.893773776885559e-06,2.283956659218787e-10,1.8657418722380205e-06,-6.893773776885559e-06,3.834175402952334e-06,-2.888458074643877e-06,4.1529987717151946e-06,2.705531923902664e-06,6.587764071584502e-06,-2.0735125371142412e-06,-2.390148166099562e-06,-4.768627850542461e-06
2630,Zakharov Function,4.79629103815758e-09,99000,99000,3.5543397652393986e-05,4.79629103815758e-09,-1.6724551159336908e-05,2.5194785139462684e-05,8.767905323326962e-06,-3.064302020199489e-05,5.1614601046431315e-06,-3.5543397652393986e-05,1.893411708948546e-05,3.872520776622465e-06,8.217428598072078e-06,-5.392814248309198e-06
2631,Zakharov Function,3.29362838938843e-10,96721,99000,1.1445114690526515e-05,3.29362838938843e-10,-1.4318656609777252e-06,6.9621806525093825e-06,2.0962366017875903e-06,1.1445114690526515e-05,-6.740502472493878e-06,-2.4862734480641996e-06,3.0547930607131507e-06,2.9565524192565875e-06,-7.747482348096152e-06,1.5486366251518307e-06
2632,Zakharov Function,8.787427270267567e-10,99000,99000,1.5346790635282326e-05,8.787427270267567e-10,2.3783715461837798e-06,6.806697282582238e-06,-1.3360220723515163e-05,-1.0481602414167273e-05,-1.431056434522653e-05,-7.492845062484218e-06,1.5346790635282326e-05,5.969857721676558e-07,1.2789594041402872e-06,6.162064692924656e-06
2633,Zakharov Function,3.81612330343114e-11,99000,99000,3.675739602185361e-06,3.81612330343114e-11,3.675739602185361e-06,-4.409071114209002e-08,-7.683929409922116e-07,1.8917519821298806e-06,-1.0731149145692068e-06,-2.1886065803982616e-06,3.1947850154329256e-06,-1.8567025575229412e-06,-5.891669495403461e-07,7.279478235617925e-07
2634,Zakharov Function,6.421625766698828e-11,99000,99000,4.030995055240127e-06,6.421625766698828e-11,-3.928794851656593e-06,-2.8715690013621043e-06,-3.496740069536074e-06,7.186520363304107e-08,-9.410544992884498e-07,4.030995055240127e-06,-9.712290686949813e-07,1.973301409748739e-06,9.466817857953372e-07,-1.3282257797905099e-06
2635,Zakharov Function,3.6642986962650577e-09,99000,99000,3.940255907822715e-05,3.6642986962650577e-09,1.3199925045564417e-05,2.7672849563307807e-05,1.0715992858480632e-05,2.6631425387036115e-06,-1.5429437923247264e-05,3.5961091761434277e-06,3.940255907822715e-05,-1.5854821611266405e-05,2.226075888102777e-06,-2.3089675240644722e-05
2636,Zakharov Function,4.722884540997219e-10,99000,99000,1.198486157457423e-05,4.722884540997219e-10,-1.7765464639203203e-06,-1.834895445570306e-06,-4.4850700992263534e-07,1.0842629455935778e-05,9.430685778325846e-06,6.647017961024131e-06,-6.054659813766363e-06,-1.198486157457423e-05,-2.0048731770506924e-06,2.2599963995040923e-06
2637,Zakharov Function,1.7491105006097094e-11,98390,99000,2.270890549545178e-06,1.7491105006097094e-11,-1.1450398223447503e-06,-5.367816619576891e-07,1.646056882804352e-06,1.9931714725738764e-06,7.693099482531398e-07,-2.270890549545178e-06,5.423908492136365e-07,5.90988509402245e-07,4.965587934030559e-07,-1.502604454150547e-06
2638,Zakharov Function,1.9715377944653127e-09,99000,99000,2.4125007836393122e-05,1.9715377944653127e-09,-1.0385065146293352e-05,-1.764051638134926e-05,-2.224554832954065e-06,2.103291523835754e-05,-3.199524691701276e-06,-2.4125007836393122e-05,-1.000465715052841e-05,-7.806273422781157e-07,1.5866267956467267e-05,3.828612020294736e-06
2639,Zakharov Function,2.484465590413718e-10,99000,99000,1.1765561119115671e-05,2.484465590413718e-10,-1.52129550302066e-06,3.861568129270334e-06,3.5364543132038903e-06,2.51333928723119e-06,-1.1765561119115671e-05,-3.3320305683790718e-06,7.435593550058749e-06,-1.144407067330785e-06,2.1977891090799046e-06,-1.1439023335661984e-06
2640,Zakharov Function,1.0310710295226114e-10,99000,99000,4.906743697417089e-06,1.0310710295226114e-10,2.7063398605607087e-07,4.6959969964906906e-06,1.1143523151523228e-06,-3.3417290542214384e-06,-2.508310129991081e-06,-3.143773217647594e-06,4.906743697417089e-06,3.376047694456943e-06,-3.915002993157394e-06,7.655322135579787e-07
2641,Zakharov Function,1.157247148559939e-07,99000,99000,0.0001672308074338562,1.157247148559939e-07,0.00012333918270303546,3.1663564797052007e-06,4.60237442783341e-05,-8.560249935366706e-05,1.9038758175547558e-05,-0.00013931463252879613,0.00015874449316132926,-0.0001672308074338562,1.9253441415965087e-05,6.344194697342428e-05
2642,Zakharov Function,2.1911434299389364e-10,99000,99000,8.780211703644961e-06,2.1911434299389364e-10,-5.255738364083907e-06,-1.3393028314861739e-06,1.5083548496979567e-06,-3.165998738868091e-06,4.375409703296013e-06,-8.780211703644961e-06,4.280351874834955e-06,-6.17790043933146e-06,3.922614220854483e-06,3.0163072846210462e-06
2643,Zakharov Function,1.627361189685705e-05,91375,99000,0.0024033419050110303,1.627361189685705e-05,-9.08066363016274e-05,0.001898068928937022,-0.0005291398024229465,0.001291280330751428,0.0024033419050110303,-0.0018958795519534348,0.00021077706612811936,-0.0006263566833817459,-0.0007110485518969567,0.00031157802360725316
2644,Zakharov Function,1.2682235262303085e-07,95140,99000,0.0002382138888396151,1.2682235262303085e-07,0.00014038715270053848,-0.0002382138888396151,0.00011234891731946602,2.924906542503654e-05,6.601645622630601e-05,0.00012183867507334966,-0.00010702228876822241,1.3126321074649716e-06,2.826100932859785e-05,-7.23251423284691e-05
2645,Zakharov Function,1.936766853143488e-09,99000,99000,2.5387297653055787e-05,1.936766853143488e-09,3.974318139841683e-06,-1.8617900751858907e-06,-8.848086997642926e-06,-2.103824766560442e-05,2.5387297653055787e-05,1.874475436944701e-05,-6.547279297400468e-06,-1.720317219474527e-05,-2.143162527808609e-06,7.531997662617622e-06
2646,Zakharov Function,8.074598117384747e-11,99000,99000,3.7585656488860496e-06,8.074598117384747e-11,1.1189385675561926e-06,3.3019612620688563e-07,3.2339953206734876e-06,-1.452789115924397e-06,9.113414619555552e-07,1.9741126003949666e-06,-3.1916528681042062e-06,2.9285314757328986e-06,2.649569803443607e-06,-3.7585656488860496e-06
2647,Zakharov Function,1.527412279377836e-11,95359,99000,1.7983942287218756e-06,1.527412279377836e-11,-7.13830027404216e-08,-6.81430203244247e-07,4.2785052789820026e-07,-4.990085351746245e-07,1.3535128190662247e-06,-1.7983942287218756e-06,8.886623564933468e-07,6.354576748916274e-07,5.13874862940796e-07,-1.4548100866299816e-06
2648,Zakharov Function,3.2914860667693743e-12,99000,99000,8.364025623604006e-07,3.2914860667693743e-12,8.268296491768016e-08,-2.756295322195621e-07,-8.364025623604006e-07,3.034371358302449e-07,-7.183217449097547e-07,-4.826767419517473e-07,-4.27820391033171e-07,7.955843549578478e-07,7.923025100322466e-07,-2.9845301165383934e-07
2649,Zakharov Function,5.6386664501590334e-11,99000,99000,3.906516911693763e-06,5.6386664501590334e-11,-1.4905597499288734e-06,1.7679674645857211e-06,3.5973095884917186e-06,3.906516911693763e-06,-1.0326618517133505e-06,-1.0398007524831425e-06,9.573938882487564e-07,-1.979662578781029e-07,-3.6940136767201014e-06,1.4987243680566318e-06
2650,Zakharov Function,7.622716906140536e-08,99000,99000,0.00016899907310904315,7.622716906140536e-08,1.2117074601198414e-05,-8.407912189857583e-05,6.348445811704687e-05,5.96158822870402e-05,4.521239404199238e-05,-4.3600419496170595e-06,-0.00016240189898253398,0.00016899907310904315,-6.227173175881655e-06,-5.6160799405757374e-05
2651,Zakharov Function,9.249307416772006e-10,99000,99000,1.9754460893496268e-05,9.249307416772006e-10,-6.437573881559401e-07,1.2437052000835105e-06,1.7427127756590701e-06,-1.9754460893496268e-05,8.66104972551372e-06,1.2545638593238201e-05,-1.4590500344232311e-05,-3.9191803340688635e-06,7.745586834159868e-06,2.137700685371947e-06
2652,Zakharov Function,3.0084239744307244e-10,99000,99000,1.0633442943516567e-05,3.0084239744307244e-10,8.024381506325412e-06,-5.391390037200069e-06,3.7756568540570863e-06,-2.7564942291601213e-06,2.049660815710271e-06,3.822316964047808e-06,5.381197077488604e-06,-3.1265658911866546e-07,4.784007335303973e-06,-1.0633442943516567e-05
2653,Zakharov Function,1.80977960530927e-10,99000,99000,1.0603010132988781e-05,1.80977960530927e-10,1.0603010132988781e-05,-2.4085048173043693e-06,4.384559863639413e-06,-4.3494201594780457e-07,2.3383861109718815e-06,-2.6181575913763407e-06,1.6393310549744868e-06,-3.516560670209761e-06,-1.6823753464041723e-06,2.4039310581879936e-06
2654,Zakharov Function,9.72863009090405e-10,99000,99000,1.6161368415258685e-05,9.72863009090405e-10,-3.3959360987176684e-06,-3.0899582210559957e-06,2.3097071055302383e-06,1.56907205178562e-05,1.390124523369978e-05,-1.2190238028713771e-05,1.0933505924580728e-06,-1.6161368415258685e-05,-3.051837841850293e-06,8.503520226969487e-06
2655,Zakharov Function,4.769210627295955e-11,98618,99000,3.720212893448722e-06,4.769210627295955e-11,-8.584329027023319e-07,-1.1867058597425529e-06,-3.0664053003031185e-06,3.720212893448722e-06,1.2582734797357615e-06,-1.4802251273138247e-06,-3.5444919218810527e-06,2.886523900411444e-07,2.803549113960185e-07,2.2057414424442032e-06
2656,Zakharov Function,1.2893517869784323e-07,99000,99000,0.00025878774084753774,1.2893517869784323e-07,6.065561845778361e-06,5.4692156945314035e-05,0.00025878774084753774,7.867746720953043e-05,3.0778224109725836e-05,-5.911399368531116e-05,0.00012864474788838831,-4.234451811676676e-05,-3.369698563366623e-05,-9.880751646503205e-05
2657,Zakharov Function,1.526846328582341e-10,97255,99000,5.00752937824413e-06,1.526846328582341e-10,2.2890411224661505e-06,-9.404365071037823e-07,3.6469356754598285e-06,-2.0329532613071066e-06,2.5879210428782725e-06,2.416558028224549e-06,-1.3451301306716102e-06,-4.278096502210659e-06,5.00752937824413e-06,-4.622980026953042e-06
2658,Zakharov Function,1.2044106064138798e-10,98223,99000,9.186331627646022e-06,1.2044106064138798e-10,1.5399198300279449e-06,4.2981245071348015e-07,-1.24669882371686e-06,2.6530996907149064e-06,2.9606547901668003e-06,2.0125024869718353e-06,2.3650556028997617e-06,9.584492524702197e-07,-9.186331627646022e-06,2.319138720753001e-06
2659,Zakharov Function,2.347626816019436e-09,99000,99000,2.9045158365244902e-05,2.347626816019436e-09,-2.2325753421347893e-06,-6.4028642473611144e-06,-2.626221829573165e-06,2.7073307987051718e-05,1.6810290729613306e-05,1.635216863541067e-05,-5.838237432886453e-06,7.402602614726427e-06,-2.9045158365244902e-05,-4.036308572579354e-06
2660,Zakharov Function,1.7529261084189662e-09,99000,99000,3.056254247136211e-05,1.7529261084189662e-09,-5.3892586230854095e-06,-2.2716886900112546e-07,4.194535796354804e-06,-1.4189197182607482e-05,-3.6764269279839592e-06,3.056254247136211e-05,-2.092485292878067e-05,-6.9255869768831746e-06,8.243335978116756e-06,9.45115044368414e-07
2661,Zakharov Function,8.708304763407817e-10,99000,99000,2.3193837869833996e-05,8.708304763407817e-10,4.533271252482724e-06,2.3193837869833996e-05,3.5581080118455128e-06,-1.3847782596311633e-06,-5.68192438597157e-07,7.764265730256723e-06,-1.324010454824013e-05,-1.8520404109563623e-06,-3.430605813504477e-06,2.5936029752297513e-06
2662,Zakharov Function,1.3457727951687437e-09,99000,99000,1.8432314836462255e-05,1.3457727951687437e-09,-1.8432314836462255e-05,-9.301403418720756e-06,-8.308585866961548e-06,-5.809977223822226e-06,8.696094866893332e-06,9.49600792971956e-06,-6.886610854868873e-07,-4.533325679302895e-06,-8.949127494541453e-06,1.434671213421215e-05
2663,Zakharov Function,1.7648096003544954e-09,99000,99000,2.087362498450305e-05,1.7648096003544954e-09,6.043918561653511e-06,6.977814423550764e-06,-2.087362498450305e-05,-7.76462524514749e-06,-1.9599067282384335e-05,7.389531980056225e-06,1.260888708869885e-05,2.9193085292790165e-06,-1.1849141451027138e-05,8.40883861039829e-06
2664,Zakharov Function,4.764421158418549e-07,99000,99000,0.0005184843528423487,4.764421158418549e-07,2.2922871898588588e-05,5.523385125200544e-05,-0.000295542020726926,0.0005184843528423487,-0.00026468967816912635,0.00015931185417278137,-2.5796430440538957e-05,7.744929840189024e-05,-0.0001156479159227526,-3.27267052827169e-05
2665,Zakharov Function,3.38704831474204e-10,99000,99000,1.1683966347124594e-05,3.38704831474204e-10,2.8649143925690596e-06,-3.186133869899381e-06,-4.502633741611959e-06,8.850743323000379e-06,-5.035021363031807e-06,-1.9026774524593286e-06,1.1683966347124594e-05,-6.633788861840465e-06,-2.907337596530998e-06,1.2701399217618869e-06
2666,Zakharov Function,2.2155044514036252e-09,99000,99000,3.3728029224035145e-05,2.2155044514036252e-09,-4.508478672452671e-06,-3.3728029224035145e-05,1.1421281928315408e-05,-9.953661377251443e-06,1.0115049834197972e-05,-1.9720554068327566e-06,1.3341443809016064e-05,-1.8876580865180423e-06,1.4116072107003236e-05,-1.432504747951362e-05
2667,Zakharov Function,5.905763687737893e-10,98626,99000,1.389908496338677e-05,5.905763687737893e-10,-8.38321515651971e-06,8.297384214461565e-06,-8.182377754708936e-06,1.389908496338677e-05,3.863377639950527e-06,-5.299954109555668e-07,4.557076106534886e-06,-3.302411298383159e-06,-8.843909523356084e-06,3.3545415261151943e-06
2668,Zakharov Function,9.260315125993756e-12,94535,99000,9.386309318643974e-07,9.260315125993756e-12,-4.79038169615778e-07,4.219214741399581e-08,-9.386309318643974e-07,-8.661615155320683e-07,4.046822068719558e-07,-4.405801015953394e-07,2.344450112336887e-07,4.687596996191309e-07,2.702958968442711e-07,4.5640861135128435e-07
2669,Zakharov Function,3.028992925448046e-11,99000,99000,1.9859210305910445e-06,3.028992925448046e-11,-1.9859210305910445e-06,-1.1368111270305848e-09,-1.5059541316058041e-06,1.727477242401064e-06,-1.1292958524253267e-06,-1.1279752550252468e-06,1.1653975429655545e-06,-1.379886307769713e-07,1.3087750446236612e-06,1.0377769473210873e-07
2670,Zakharov Function,1.0677012167628322e-11,99000,99000,1.9648759194075364e-06,1.0677012167628322e-11,-5.097388050101261e-07,3.1107352259753946e-07,-1.9648759194075364e-06,-8.523995159244125e-07,8.251517930686572e-07,-6.035782623875074e-07,1.7959955769556673e-06,-2.9925946379870363e-07,2.2354599055601384e-07,-1.214906640831777e-07
2671,Zakharov Function,4.7339407792722286e-11,99000,99000,3.714350983880246e-06,4.7339407792722286e-11,-2.856426358532989e-07,3.714350983880246e-06,1.8812429703282868e-06,2.4866013085080446e-06,3.0279483405706047e-07,7.331724125996116e-07,1.0126302193828209e-06,1.9463325810865886e-06,-3.3023444155293075e-06,-1.7407814419083345e-06
2672,Zakharov Function,1.0529038964028481e-08,99000,99000,6.604539340680587e-05,1.0529038964028481e-08,-1.075424242352464e-05,-7.027123340435158e-06,-5.9439885862580436e-06,1.4299316815353682e-05,3.440178461378589e-05,6.604539340680587e-05,2.954154763907213e-06,1.0549314626656358e-05,-1.0580293016357492e-05,-6.309441709875037e-05
2673,Zakharov Function,2.3122804629390988e-11,99000,99000,3.4145043858357507e-06,2.3122804629390988e-11,1.0792214142192934e-06,5.972176922622372e-07,-6.669285807750333e-07,-7.544301819671414e-07,-1.29100939748053e-06,-3.4145043858357507e-06,1.6639774167986478e-06,-2.0111338450933894e-07,5.531995645894457e-07,1.1278247091237335e-06
2674,Zakharov Function,2.3440884300934666e-09,85680,99000,3.0462720685104334e-05,2.3440884300934666e-09,5.040451515355058e-06,1.4932423068806569e-05,-7.25445158268631e-07,3.0462720685104334e-05,1.2040578492418109e-06,1.8241302796127568e-05,-8.385551623889167e-06,-2.7213739240055988e-05,2.4014450846864593e-06,-7.302010824213181e-07
2675,Zakharov Function,5.456136345065432e-10,95820,99000,1.1459767626433417e-05,5.456136345065432e-10,-5.209685112466171e-06,9.549296869367445e-06,-6.679585640396319e-06,2.712554054327634e-06,-5.385566405020506e-06,-8.60583406909708e-06,-3.339844140106359e-07,-1.0062927479524632e-05,1.1459767626433417e-05,4.472488887229071e-06
2676,Zakharov Function,8.497809515449811e-09,99000,99000,4.9710858086844456e-05,8.497809515449811e-09,3.609159674596753e-05,-2.366586865321926e-05,-4.9710858086844456e-05,-3.600655591380648e-05,-2.0261283671917636e-05,2.8132911455212013e-05,-2.313162473061673e-06,1.6760418463656558e-06,-1.1836642996387308e-05,3.703555174531518e-05
2677,Zakharov Function,1.1877650086559653e-09,99000,99000,1.8515154782789933e-05,1.1877650086559653e-09,8.503017093864955e-06,-1.596493876299877e-05,1.0975517091719973e-05,-6.237301152559732e-06,4.894357876732861e-06,-1.8515154782789933e-05,7.581064125632453e-06,-7.966502490966557e-06,-3.0715407737396297e-06,1.2748370938326964e-05
2678,Zakharov Function,4.123925424263299e-10,96440,99000,1.1756480234895488e-05,4.123925424263299e-10,-1.1756480234895488e-05,5.272997413442562e-06,2.9777273801159665e-06,-6.785270833474298e-07,4.141691010601847e-06,-1.5253909745841846e-06,-5.6225986407572546e-06,4.581981735438201e-07,-6.894111889721696e-06,6.108519793472729e-06
2679,Zakharov Function,2.447793294767273e-11,99000,99000,3.732573479714207e-06,2.447793294767273e-11,-6.605998904836574e-07,-9.01334932265314e-07,-9.201742578190912e-07,-4.080069271893037e-07,-1.725119098807486e-06,-8.202839084908921e-07,3.732573479714207e-06,1.4356915065602386e-06,-6.818781147492496e-07,-8.756644090639825e-07
2680,Zakharov Function,4.41551269880818e-09,98958,99000,3.631782027931931e-05,4.41551269880818e-09,7.850201430349244e-06,-2.8443545542114926e-05,1.820939976975974e-05,3.631782027931931e-05,1.3661185158835413e-05,2.969605248062447e-05,-2.3851441087068027e-05,-6.988066102615367e-06,-3.7846415023071877e-06,-1.390198058124405e-05
2681,Zakharov Function,9.403419147731252e-09,99000,99000,6.300608326766078e-05,9.403419147731252e-09,2.6570251376270034e-05,2.864663848661164e-05,2.535578699825639e-05,4.198585149260654e-05,-6.300608326766078e-05,2.616497128241356e-05,-1.0339408425825853e-05,1.291846980795827e-06,-4.299196140726279e-06,-1.6683356472429926e-06
2682,Zakharov Function,7.928976011769239e-11,99000,99000,4.688882676599725e-06,7.928976011769239e-11,-2.7215416313487396e-06,-2.0469880186198e-06,2.012422413517984e-06,6.240517057995306e-07,-4.688882676599725e-06,3.667602937151908e-06,-2.8034795747652114e-07,-3.8904556996847725e-06,1.3735583787203857e-06,2.473357530296791e-06
2683,Zakharov Function,1.5727756841518647e-10,99000,99000,9.761298822652046e-06,1.5727756841518647e-10,-2.1407381135235106e-06,2.833344590147381e-06,9.761298822652046e-06,-2.491101818593014e-06,1.140025764655183e-06,2.2808765088716905e-06,-2.8854436480122636e-06,-3.327623324145745e-06,2.514717326788292e-06,-2.2835480272269575e-06
2684,Zakharov Function,1.0919533361859397e-07,99000,99000,0.00013290625641257877,1.0919533361859397e-07,-3.933733296553657e-05,0.00011909010614844241,0.00011603567202057608,0.00010181779835549604,-0.0001240931584314581,-3.127374198219044e-05,-6.803592121875588e-05,8.58528722665295e-05,0.00012718186143186342,-0.00013290625641257877
2685,Zakharov Function,1.0508667348114138e-07,99000,99000,0.00019266826384200944,1.0508667348114138e-07,-7.089600986234584e-05,-0.00014139568393460594,0.00012372639615353725,-3.741887721090206e-05,4.299816662383454e-05,-2.0523585601832498e-05,-0.00019266826384200944,7.571707940000169e-05,0.0001283505323088122,-3.983140578007967e-05
2686,Zakharov Function,8.594702618694869e-08,99000,99000,0.0001729523169680071,8.594702618694869e-08,-8.523182349015512e-06,0.0001729523169680071,-7.304122482444715e-05,-0.00013562685948015671,0.00012447149031827185,-0.00011654575193171152,1.5034697242847502e-05,4.5325244319497065e-05,-2.045236546747927e-05,2.124330554055676e-05
2687,Zakharov Function,5.6801926089203254e-08,99000,99000,0.00013304539126396606,5.6801926089203254e-08,1.0935755920422628e-05,5.397504969010426e-07,-5.240832824179886e-05,5.6372699803679437e-05,-6.661270848047309e-05,0.00010022751700585611,-4.964861302896969e-05,0.00010669255779658022,-0.00013304539126396606,4.47232432659147e-05
2688,Zakharov Function,1.226646864749102e-08,94502,99000,6.600636631609786e-05,1.226646864749102e-08,-6.600636631609786e-05,6.784579024172347e-06,5.3174430574605365e-05,6.455609702220099e-06,-3.0860645050973945e-05,-2.0855021455386014e-06,-7.0673581288515375e-06,2.0270791077988795e-05,-4.36443761417942e-05,3.546998688890036e-05
2689,Zakharov Function,3.2002455372906865e-10,99000,99000,9.485182709893769e-06,3.2002455372906865e-10,6.238902638317901e-06,3.822880884721444e-06,4.699647946834076e-06,3.821074001583725e-06,9.485182709893769e-06,-3.7978222960432477e-06,-8.572083481194356e-06,-6.078584829563612e-06,7.863809973875059e-07,2.8700707039629206e-06
2690,Zakharov Function,7.813970585180444e-09,99000,99000,4.5243822819441624e-05,7.813970585180444e-09,1.7431103777598676e-05,-3.7748036170238437e-06,-8.620125994693691e-06,-4.023230865886555e-06,-2.391382033683736e-05,3.1275413948544667e-05,4.043227103470502e-05,-4.5243822819441624e-05,-1.8231470952474496e-05,2.731764230748804e-05
2691,Zakharov Function,8.236680391057826e-11,96173,99000,5.725741178200198e-06,8.236680391057826e-11,-2.4338365919961317e-06,7.643011589899793e-07,-4.5968280130528147e-07,3.1550474886333754e-06,5.725741178200198e-06,-3.5471097285321434e-06,1.7937064635135947e-06,-8.724294334180493e-07,5.157537836175332e-07,-3.257774465209112e-06
2692,Zakharov Function,1.3931729838188227e-10,99000,99000,6.339410358465874e-06,1.3931729838188227e-10,2.219237799759384e-06,-1.1682118676962374e-06,-5.71032475437504e-06,-3.085105607219784e-06,4.455289649216956e-06,5.617871334093789e-07,6.339410358465874e-06,-9.45250150698229e-07,-3.276751430364657e-06,5.253567085065781e-07
2693,Zakharov Function,9.833173369920679e-12,99000,99000,1.997777319991405e-06,9.833173369920679e-12,-8.412095037569706e-08,1.161251715023819e-06,-9.160829428788489e-07,-1.997777319991405e-06,-1.3693693451888558e-06,7.413843797086186e-07,-5.082878924027906e-07,5.367500004109141e-07,2.994767730887796e-07,6.742435113851122e-07
2694,Zakharov Function,1.3528777223771504e-07,99000,99000,0.0002547734370126806,1.3528777223771504e-07,7.311985489245616e-05,-4.2308474035508684e-05,8.826295582047908e-05,3.331012510203552e-05,0.0001063914934231194,0.00014890253947981875,-0.0002547734370126806,-0.0001047828909163376,-1.982268832761124e-05,9.31670887986796e-05
2695,Zakharov Function,3.6271043265904177e-11,92167,99000,3.706631947295676e-06,3.6271043265904177e-11,2.1750680630987382e-06,1.013419560683862e-06,3.706631947295676e-06,-8.783622159138318e-07,-5.431967614925499e-07,9.135419988353887e-07,7.425032476539931e-07,-7.365822590372821e-07,7.274476535147961e-07,-1.367907209271075e-06
2696,Zakharov Function,7.532247108119347e-13,95205,99000,5.135656397986524e-07,7.532247108119347e-13,-1.1911720145020435e-07,-3.945840079392179e-08,-2.1912470280510633e-08,-2.659614498062426e-08,5.110783328615537e-07,-5.3356185861065505e-08,-2.670598275901635e-07,2.737075580664958e-07,-5.135656397986524e-07,2.4839488106412933e-07
2697,Zakharov Function,6.281390268413383e-10,92345,99000,1.385237817773233e-05,6.281390268413383e-10,-6.2055901838669035e-06,-3.8647179499290006e-08,-4.280113240169232e-06,-1.0244987486703646e-05,-1.385237817773233e-05,-5.542684059067316e-06,8.414330244526908e-06,-3.5209877645390534e-06,1.7577369000778997e-06,1.2196619368991858e-05
2698,Zakharov Function,1.3237413655080184e-08,85543,99000,6.576242891411977e-05,1.3237413655080184e-08,6.576242891411977e-05,2.104261967562765e-05,-7.436423073270063e-06,-3.359740676776419e-05,1.5104419950065577e-06,-5.885004758457804e-06,-1.671745700669639e-05,2.6512136707499507e-05,-4.944274810612408e-05,3.208274625258334e-05
2699,Zakharov Function,3.9575058492466186e-10,96544,99000,1.3572082807063483e-05,3.9575058492466186e-10,-8.442969306207317e-06,-4.089278489629192e-06,3.780120770376502e-06,-2.37524877115634e-06,6.228471334956272e-06,2.603493020019691e-06,-1.3572082807063483e-05,-2.4044182310798006e-06,5.953490896214372e-06,3.342744658370661e-06
2700,Zakharov Function,7.845038818194178e-10,100000,100000,1.9044120744119987e-05,7.845038818194178e-10,2.2147347191831387e-06,3.254703573468723e-06,-1.9044120744119987e-05,-6.663335797484043e-06,-5.062320918723191e-06,-7.50175980334178e-06,1.8021309872530517e-07,-7.377852646023928e-06,9.896522413957992e-06,1.0659517727640108e-05
2701,Zakharov Function,2.8813922821216474e-10,87323,100000,8.635039232665108e-06,2.8813922821216474e-10,-4.017151301245262e-06,9.909435990903255e-07,2.0157115982771195e-06,5.918302833440163e-07,7.508319761397732e-06,8.032675710894343e-06,-3.538346585803252e-06,-5.47522160929638e-06,-8.635039232665108e-06,5.079648035628957e-06
2702,Zakharov Function,1.3848220712467459e-10,100000,100000,7.47147373192033e-06,1.3848220712467459e-10,-2.0371585506586612e-06,-5.258612974152901e-06,7.47147373192033e-06,1.2113422545921484e-06,2.2323733495808725e-06,-1.2045458302120196e-06,1.0394542862828035e-06,-4.1380275766214114e-06,3.392404411721666e-06,-2.799370261802657e-06
2703,Zakharov Function,2.2325740437091286e-05,100000,100000,0.003641461510783403,2.2325740437091286e-05,0.0009825163786228446,-0.003641461510783403,0.0011594281266486797,0.0012052862531630472,-0.0017381861632427015,-0.0005468117475305095,-0.0005112277169796468,0.00032961491954270326,0.0002981876836158793,0.0006082255783196391
2704,Zakharov Function,1.9649078257138587e-08,100000,100000,8.297287052395445e-05,1.9649078257138587e-08,-4.395127285896982e-05,-3.519016938823231e-05,3.6509883282648424e-05,-1.6498734756463243e-05,4.5327595478613056e-05,-2.922494135367099e-05,-8.297287052395445e-05,-3.195855775641497e-06,4.637375474913882e-05,2.985954568143433e-05
2705,Zakharov Function,1.1231511652410737e-08,100000,100000,5.814653331506457e-05,1.1231511652410737e-08,5.7100442528367986e-05,-9.195460914448599e-06,-9.53383163349614e-06,-2.9601824222263367e-05,-3.231761583290759e-05,5.814653331506457e-05,-7.9250968569079e-06,-2.2833316319152854e-05,-2.2839304232508492e-05,3.711662521213502e-05
2706,Zakharov Function,4.5448215575515764e-11,100000,100000,4.248113901483242e-06,4.5448215575515764e-11,-8.593988427988067e-07,-4.248113901483242e-06,-1.922785595914755e-06,3.014574175726099e-07,2.6234202743959005e-06,-2.8309069250258e-07,-3.1555650368201237e-07,-2.7066513503677247e-06,1.1964308806337245e-06,1.9253707634501753e-06
2707,Zakharov Function,2.3121248044913044e-11,100000,100000,2.5806176445978595e-06,2.3121248044913044e-11,1.7613240793409619e-06,-1.1666166739552209e-07,7.156831824357103e-08,1.0912894694761814e-06,1.6649111124030314e-06,-1.7054096765700038e-06,-2.5806176445978595e-06,1.8459799571105283e-06,-1.3197521592864452e-06,9.76288890576508e-07
2708,Zakharov Function,3.93470337452991e-09,99716,100000,4.425721672662122e-05,3.93470337452991e-09,1.140120057147241e-05,9.964835992124283e-06,6.102462411581568e-06,-1.0628965500853215e-05,2.8756265962902787e-05,2.1616339716698513e-06,-4.425721672662122e-05,-6.510509866199398e-06,7.730076642781423e-06,1.6753449107733225e-05
2709,Zakharov Function,4.941563321524339e-09,100000,100000,4.3036194745210924e-05,4.941563321524339e-09,6.4639503752133095e-06,-2.7770805398731282e-08,1.8821572554560676e-05,-9.933899771890615e-06,-2.8179233896244138e-05,-7.430339229984728e-06,-9.57835642503322e-07,-4.3036194745210924e-05,2.881604128832362e-05,2.7784133034828505e-05
2710,Zakharov Function,3.1157567589127545e-13,100000,100000,3.5016677850772873e-07,3.1157567589127545e-13,-1.885463936277985e-09,-2.154944260903153e-08,4.169422532671118e-08,-2.4017681535978795e-07,1.463039554692873e-07,3.5016677850772873e-07,2.1254310931018195e-07,-1.4334182362456684e-07,-1.6285649604891362e-07,-9.798282447590315e-08
2711,Zakharov Function,4.579956166651043e-09,100000,100000,4.378736544165552e-05,4.579956166651043e-09,-1.088821570960607e-05,-2.8633037845115505e-05,4.378736544165552e-05,-9.154600188284181e-06,-2.7763079330602754e-05,-1.154145901243572e-06,1.902897144757943e-05,-6.107167564572207e-06,1.637589572700873e-05,-1.2566340681614072e-05
2712,Zakharov Function,6.481357075688348e-11,100000,100000,5.071426179257293e-06,6.481357075688348e-11,-7.69107030452615e-08,5.071426179257293e-06,-2.4596633418231757e-06,2.7688620186139358e-06,3.52156118830386e-06,-6.693837918981235e-07,2.6871708638272083e-07,-1.9222603831029655e-06,4.934935310740154e-08,-1.8859774413114985e-06
2713,Zakharov Function,7.345743306345892e-10,94354,100000,1.508859406623473e-05,7.345743306345892e-10,-8.494171079583297e-06,-7.2683943817957e-06,-1.3483061612298912e-06,9.576229934927563e-06,7.455198542816047e-06,-8.086802460450834e-06,-1.508859406623473e-05,-5.5936631582039095e-06,5.206581913683732e-06,1.043392489005879e-05
2714,Zakharov Function,5.488654160075017e-06,100000,100000,0.00156862761822067,5.488654160075017e-06,-0.00019104067596564656,0.00034725740144202384,0.00032893056180799635,0.000759739654665808,-0.00156862761822067,-0.0012829395759787628,0.0003441342189193273,0.0002285847149516594,0.000402232239591726,0.0002377584793522567
2715,Zakharov Function,1.4288012721317422e-09,100000,100000,2.0558974712130682e-05,1.4288012721317422e-09,-2.0558974712130682e-05,-1.1004800237293112e-05,3.2106686159869084e-06,-8.89371969632307e-06,-2.237848986414362e-06,-2.2969623583913e-06,-6.86859991242365e-06,1.9953797865543985e-05,-1.0902576487863038e-05,5.220734084915171e-06
2716,Zakharov Function,4.159987418687522e-07,100000,100000,0.00031219754874421907,4.159987418687522e-07,8.611469387645763e-05,-5.266536931964297e-05,-4.124457290187656e-05,-0.0002532723461252316,0.00030774010108188855,-3.585742752669046e-05,-0.00031219754874421907,0.0002960851873464701,1.717779756028366e-06,-8.226417406858612e-05
2717,Zakharov Function,2.4826175726332468e-14,100000,100000,1.0695488915135387e-07,2.4826175726332468e-14,-1.0695488915135387e-07,2.2529706885523907e-08,3.181469945436485e-09,-1.6035199650684945e-08,-6.030504022221583e-08,8.547746406092778e-09,3.416642381206866e-08,-4.988920401795801e-08,6.800995181640002e-08,-1.2813760297055911e-08
2718,Zakharov Function,2.4679908621157517e-08,91381,100000,8.509235909960269e-05,2.4679908621157517e-08,-5.853803403921241e-05,4.891635382710832e-05,-8.279604391958279e-05,-8.509235909960269e-05,-3.7431471398308586e-05,-2.4699187092523564e-06,3.0473460533226074e-06,1.2927377739725587e-05,1.5447056669903162e-05,4.1869598193018186e-05
2719,Zakharov Function,5.617678527328504e-11,100000,100000,4.515330891419676e-06,5.617678527328504e-11,-9.86652770669769e-07,-1.4578456732594765e-06,-1.165435759740851e-06,-2.7203156991813865e-06,6.127311010678267e-07,-4.515330891419676e-06,4.0489976450632805e-06,5.487305120751541e-07,-4.893205439114816e-07,1.7712290950072289e-06
2720,Zakharov Function,3.0647930959603077e-10,89593,100000,1.0545926221288384e-05,3.0647930959603077e-10,-7.693928546125732e-06,-5.1689783347679035e-06,-1.0545926221288384e-05,7.578162948352071e-06,-2.4225281612308356e-06,2.8319327486183905e-06,3.5836783875589093e-06,-3.0694814490812346e-06,1.1605519811832977e-06,-4.048130324028749e-07
2721,Zakharov Function,2.6056196815297664e-10,100000,100000,8.609991909294147e-06,2.6056196815297664e-10,-1.5470356339984674e-06,-1.6358984272035492e-07,7.021763463317689e-06,-5.830178019560721e-06,-2.5305529706211448e-06,8.609991909294147e-06,6.472520057180098e-06,-5.591158082153094e-06,-4.502306796249967e-06,3.303435922568789e-07
2722,Zakharov Function,3.759483535020779e-11,100000,100000,4.857379873427472e-06,3.759483535020779e-11,-1.8341804456677748e-06,1.1339542676582474e-06,7.396130242169966e-07,-4.857379873427472e-06,1.069849799541497e-06,-1.628173564340465e-06,1.6517901996289225e-06,-3.862642855410185e-07,-2.0704668662730682e-07,1.3627572536752559e-06
2723,Zakharov Function,3.64412193607601e-10,100000,100000,9.867043761169471e-06,3.64412193607601e-10,-1.2184277050438721e-06,-1.0940812289950036e-06,-5.874181378109313e-06,-6.314764522390324e-06,-4.108726831658614e-06,8.106834531810469e-06,-5.274778144393455e-06,-3.2963706469161364e-06,-3.5715645421212927e-06,9.867043761169471e-06
2724,Zakharov Function,1.354157162541356e-08,100000,100000,8.785757701948164e-05,1.354157162541356e-08,-8.785757701948164e-05,4.8924659905462285e-06,-5.3722658940321285e-05,4.971076290377739e-06,1.6552952814527446e-05,-2.1091601235681255e-05,9.116653500787005e-06,-2.462285040349864e-05,3.793764507249624e-05,5.937386301480937e-06
2725,Zakharov Function,4.17629026725624e-12,100000,100000,1.097296385518687e-06,4.17629026725624e-12,2.7181040862903414e-07,4.378738810206608e-07,-3.262769824899102e-07,-1.785832867230824e-07,-6.904409163916571e-07,1.097296385518687e-06,5.711792067854266e-07,3.0512621317004595e-07,-7.232068132154798e-08,-1.00062037302638e-06
2726,Zakharov Function,5.472678209543868e-07,100000,100000,0.0004822759983089544,5.472678209543868e-07,-3.965763921725334e-05,-9.065804312329142e-05,-4.387302552764923e-05,-0.0002740635828302344,0.0004822759983089544,3.1138422749361734e-05,0.0003668162499913607,-0.00017985027736830726,-3.7050227558007776e-05,-0.00015775579141480913
2727,Zakharov Function,1.4659791311012892e-11,90338,100000,2.571021435454686e-06,1.4659791311012892e-11,-5.498362368430415e-07,8.374211813175519e-07,1.673775321532309e-07,2.571021435454686e-06,1.2277985640274945e-07,1.2033749764381397e-06,-1.6640204724009145e-06,-1.2720746475418249e-06,8.876098583424395e-07,-5.26996723481724e-07
2728,Zakharov Function,9.414084095293388e-09,89564,100000,5.222284787831017e-05,9.414084095293388e-09,-4.570167845612372e-05,2.8173667024281528e-05,-2.919370642800751e-05,1.6849859935556232e-05,2.417719066701404e-05,2.0237825878826274e-05,5.222284787831017e-05,-2.92150218764621e-05,-1.0219750777082767e-05,-2.597736335812637e-05
2729,Zakharov Function,1.118419863041868e-11,92303,100000,1.7307489889783612e-06,1.118419863041868e-11,1.3424450423076788e-07,1.7307489889783612e-06,1.6635261211782835e-06,-9.67904746627454e-07,5.65673326624691e-07,-6.286652962242783e-07,-1.242021068513121e-06,-6.642986882650587e-07,7.86736937424383e-08,1.1011013709128178e-06
2730,Zakharov Function,1.0111807953603231e-09,97850,100000,1.838729792988813e-05,1.0111807953603231e-09,3.0192824448356873e-06,6.650052004000926e-06,2.0736079158881123e-08,1.8785921442924428e-06,1.4882801783301514e-05,-1.838729792988813e-05,3.9049035554563415e-06,-1.5096372275324499e-05,9.074274394737561e-06,7.203532097137895e-07
2731,Zakharov Function,1.7079178513852382e-12,100000,100000,6.439376153908171e-07,1.7079178513852382e-12,6.186915230487395e-08,2.403008341924062e-08,-6.439376153908171e-07,-4.814775166565561e-07,-1.811701266945568e-07,-1.421032993417096e-07,4.0369781965205647e-07,-3.30578828674805e-07,8.650991659491403e-08,5.79327548447063e-07
2732,Zakharov Function,1.553545755370986e-09,100000,100000,2.3623771061655796e-05,1.553545755370986e-09,3.0415403948031586e-06,-4.6218879209961285e-06,-1.2930308277312802e-06,6.177868882018657e-06,2.1349195483457602e-05,5.603168795905444e-06,-2.3623771061655796e-05,-1.1399862502320809e-05,1.4459578259300964e-05,-8.76460145649851e-07
2733,Zakharov Function,3.028655489800467e-07,82897,100000,0.00028630241343672637,3.028655489800467e-07,0.00023668987472328038,-0.0002829618351928027,-4.225747284449503e-05,-0.00028630241343672637,3.0041716208791566e-06,0.00017175356861728094,0.0001548653333541755,-4.625801607799666e-05,-3.974531738705253e-05,-1.210100763997429e-05
2734,Zakharov Function,2.7087454547568055e-09,100000,100000,2.3909949435110017e-05,2.7087454547568055e-09,3.6759592606705003e-06,-6.979287043334979e-06,-2.3909949435110017e-05,-1.632114783551786e-06,2.0253317394021212e-05,-1.770321663648315e-05,2.260829035119795e-05,1.144713663818621e-05,-2.335155749655741e-05,2.9113909866147866e-06
2735,Zakharov Function,2.8276236188240337e-10,97911,100000,1.167472820143622e-05,2.8276236188240337e-10,-1.167472820143622e-05,8.917570876250963e-07,-3.783142435252232e-06,4.208778390417397e-06,-1.8953126156010647e-06,-5.761637096943515e-06,-6.0470237308599445e-06,1.944783345200465e-06,2.2997457254061683e-06,5.560801554377964e-06
2736,Zakharov Function,6.259775504730467e-10,99950,100000,1.3669094183608016e-05,6.259775504730467e-10,6.180585673788268e-07,1.1848482237296986e-05,-6.327706556305443e-06,-7.656199444070568e-07,9.076751450883083e-06,-5.693187121480269e-06,-1.3669094183608016e-05,2.9967670095021033e-06,3.040874110645908e-06,5.074356953602624e-06
2737,Zakharov Function,3.85999624166253e-10,95822,100000,1.2335966119310859e-05,3.85999624166253e-10,-2.081035559902766e-06,2.1272258741640806e-06,5.710991065274269e-06,-4.355660628630145e-06,1.0347951004833173e-06,-1.2335966119310859e-05,-6.963206496057454e-06,2.363494428958881e-06,1.0786590714908217e-05,-2.969080533128253e-07
2738,Zakharov Function,1.9841101910977496e-12,100000,100000,8.412312286899546e-07,1.9841101910977496e-12,4.968531749696691e-07,8.412312286899546e-07,3.145364300353121e-07,-3.027086564296684e-07,-2.2780620757500358e-07,2.5032291057787595e-07,2.1022615647979254e-08,-2.0591730413753305e-07,-2.828980138282914e-07,2.2066291344347564e-08
2739,Zakharov Function,6.500540070985622e-07,85004,100000,0.000411000944965929,6.500540070985622e-07,0.00023947928191466616,-0.00023777021050698413,-0.000411000944965929,-8.209642687963637e-05,0.0003031100769336737,0.00034058181206309587,-5.646524268133252e-05,1.2210149986138221e-05,-0.0003463140351562601,0.0001698394073632302
2740,Zakharov Function,1.669615473893488e-10,100000,100000,7.65613388535434e-06,1.669615473893488e-10,3.3828663643976733e-06,1.620756000061002e-06,-7.65613388535434e-06,-6.353317184382883e-06,-3.310234402561976e-06,-1.3945369925751899e-06,3.47628278851643e-06,3.62135616581784e-06,-2.074249733238767e-06,2.8298388420115727e-06
2741,Zakharov Function,4.37030603873524e-07,98417,100000,0.00034299842624603414,4.37030603873524e-07,0.00016094826538311853,-0.00034299842624603414,0.00022950362637327523,-6.782984578564147e-05,-4.0703298954632866e-05,-3.6380577554590376e-05,0.0002800474234786085,0.00022352501919136787,-0.00031013385174384395,-2.4839129034850293e-05
2742,Zakharov Function,1.3321418948027658e-08,100000,100000,6.570505580680949e-05,1.3321418948027658e-08,7.867351397185704e-06,2.6037391350582327e-05,-6.570505580680949e-05,1.8081219632383785e-05,1.067817380482323e-05,1.861151026033735e-05,-2.5548032774089866e-05,-9.58634118330939e-06,5.3600611432771576e-05,-2.101672104966053e-05
2743,Zakharov Function,2.2755784487359092e-07,94759,100000,0.00024878811263360183,2.2755784487359092e-07,9.773933077211365e-07,-0.00017873332435959152,0.0001777988828694149,-0.00011936467684033948,-8.063377031411082e-05,-0.00021425450965945883,9.091007608986003e-05,3.9439677217584534e-05,-0.00016000288683991887,0.00024878811263360183
2744,Zakharov Function,3.879932657833622e-10,98972,100000,8.162611367733376e-06,3.879932657833622e-10,1.843335727440661e-06,-2.6714451256311603e-07,-7.659777881380399e-06,-7.960748260432658e-06,4.393045594747804e-06,2.2521994542501756e-06,8.162611367733376e-06,-7.543692314124583e-07,-7.873696754276962e-06,1.7208058971282245e-06
2745,Zakharov Function,1.3274565695291791e-10,100000,100000,6.187132292533218e-06,1.3274565695291791e-10,9.443217949287373e-07,-1.7002450242231912e-06,-6.187132292533218e-06,1.4757592690646488e-06,-1.0018524112076255e-06,-1.887274289844108e-06,-2.8189169501492117e-06,5.495317414224361e-06,-4.589150227945023e-06,4.381298554573883e-06
2746,Zakharov Function,2.0900770650705026e-10,100000,100000,9.767071015105217e-06,2.0900770650705026e-10,-9.767071015105217e-06,-5.808974791830106e-06,-3.8145206007100472e-06,2.6349739545220827e-06,4.306798272110625e-06,-1.2359774808865595e-06,1.517701995315577e-06,2.728723353536453e-06,1.9687343041605545e-06,-4.5831767971391345e-06
2747,Zakharov Function,3.334383647203014e-08,100000,100000,0.000141552236647076,3.334383647203014e-08,-2.598631355767286e-05,6.627410622512551e-07,-0.000141552236647076,-3.15041963735472e-05,-3.625118591925932e-05,4.194713604220249e-05,-3.36845310286087e-05,8.614024552009029e-06,6.455045287226112e-05,1.9670646284375002e-05
2748,Zakharov Function,9.77472034607438e-10,100000,100000,1.5219177570192174e-05,9.77472034607438e-10,-7.01493707968235e-06,1.5219177570192174e-05,-2.551132368325749e-06,1.0060062030968664e-05,-1.068984668978975e-05,-4.646157041844931e-06,-5.512339816826361e-06,-1.421504596840202e-05,6.677452911152969e-06,1.2589760826201663e-05
2749,Zakharov Function,7.091192598080495e-09,96880,100000,3.8007714843634655e-05,7.091192598080495e-09,-3.996232370410003e-06,-3.449408695856474e-05,-2.6195029229503172e-05,-2.0342812966708366e-05,-1.8671765407726767e-05,-3.8007714843634655e-05,2.9155278181557895e-05,-9.236391382560619e-07,1.0830542524649044e-05,3.2283802968720665e-05
2750,Zakharov Function,2.2364506777819593e-10,100000,100000,6.3159526893012515e-06,2.2364506777819593e-10,2.9990566993366714e-06,-5.716959687507367e-06,-6.3159526893012515e-06,-2.461068673057591e-06,1.416432384362787e-06,-2.306434137705524e-06,3.8893180740399445e-07,2.237226827366171e-06,-4.858037005741761e-06,4.9742684629630825e-06
2751,Zakharov Function,4.486139029579199e-10,100000,100000,1.1421735479589985e-05,4.486139029579199e-10,-1.1421735479589985e-05,3.1782502053531478e-06,9.296141416136746e-06,1.8072873987652323e-07,1.0188522886626809e-05,2.542388417949581e-06,-6.6286010773264905e-06,4.113330163875333e-06,-6.923899787351218e-06,-1.5004594875085848e-06
2752,Zakharov Function,1.1775937785416847e-09,100000,100000,1.927098155322338e-05,1.1775937785416847e-09,-1.430962548076404e-05,-9.97610996662585e-06,1.4618586882836926e-05,1.927098155322338e-05,-1.0219414746910276e-05,6.487301307485771e-06,-9.218332219919644e-06,-3.6862987997682074e-06,4.164662192055339e-06,-7.933881973478588e-07
2753,Zakharov Function,2.7463238885375134e-11,100000,100000,2.5392434014486136e-06,2.7463238885375134e-11,-1.9894369306419615e-06,2.0323098201490817e-06,-1.6910020476992222e-06,-2.5392434014486136e-06,2.3707579684796614e-06,1.264964732153974e-06,-8.849798262025225e-07,-2.352537656406415e-07,-3.1150749367012935e-07,1.8513265365165305e-07
2754,Zakharov Function,6.997219286268135e-11,100000,100000,4.110520606498753e-06,6.997219286268135e-11,-1.5049569461023918e-06,1.0588052191397447e-06,3.9086787614768176e-07,2.175357554011531e-06,-6.80445117440272e-07,-2.4245546672529397e-06,-4.289001136298547e-07,-3.181856283856589e-06,5.955620860539066e-07,4.110520606498753e-06
2755,Zakharov Function,5.155284464396825e-09,100000,100000,4.380540512125338e-05,5.155284464396825e-09,-3.120669093870369e-05,-8.112387981014359e-06,3.5583537943084373e-06,-2.8719441494782262e-05,-2.2165530148766973e-05,-2.5870999438074118e-05,4.380540512125338e-05,1.0268897832950795e-05,2.3584932281264162e-06,-1.0919034775199403e-06
2756,Zakharov Function,2.3354590929415618e-09,100000,100000,2.4811068617805574e-05,2.3354590929415618e-09,1.845940026487954e-05,-9.619504935119259e-06,2.2924205577142623e-05,1.3423569362687517e-05,-1.6245247999504732e-06,-1.4286389982798611e-05,-4.197677775211178e-06,-2.4811068617805574e-05,1.857515771261251e-05,2.9527991897716087e-06
2757,Zakharov Function,3.1069978014793626e-10,100000,100000,8.820368366395682e-06,3.1069978014793626e-10,-1.5809369565908557e-07,1.4964282553830083e-06,8.820368366395682e-06,-5.984678083108222e-06,1.0012276608502879e-06,3.856460912049534e-06,-5.1513893064972374e-06,1.0932254688737285e-06,-5.3761166882584455e-06,6.068804512759797e-06
2758,Zakharov Function,4.064248131686981e-09,100000,100000,3.052262900552591e-05,4.064248131686981e-09,8.625678008897994e-06,6.987444010772452e-06,3.052262900552591e-05,-1.1287638794138271e-05,2.2178877549689088e-05,-1.992367553702086e-05,-1.0838271447806568e-06,-2.8877006286471907e-05,1.4864507631477979e-05,1.0216633383843764e-05
2759,Zakharov Function,3.5074121159635645e-09,100000,100000,3.0459418404160356e-05,3.5074121159635645e-09,-2.844069775951814e-05,1.0231583682676687e-05,-2.0817525825588702e-05,-6.73591033530702e-06,2.871923911714951e-05,1.248335998005109e-05,1.093761817187123e-05,-3.0459418404160356e-05,-3.99404696275209e-06,8.381127243813203e-06
2760,Zakharov Function,1.175216170762211e-11,97753,100000,1.899598487687856e-06,1.175216170762211e-11,1.384971089503099e-07,3.5587777758168e-07,2.0772352453165392e-07,1.899598487687856e-06,1.568418498123392e-06,-1.7385505748768164e-06,-6.54299792203212e-07,8.450582260759236e-07,-1.0795783572385096e-06,2.435430986226545e-08
2761,Zakharov Function,2.7288032467283146e-12,100000,100000,1.0155733487091865e-06,2.7288032467283146e-12,-1.4245718735901452e-07,2.9813263519176854e-07,1.0155733487091865e-06,6.030017657260611e-07,6.302363019516518e-07,3.718507811497705e-07,-2.2872036704103304e-08,-2.1501183220705598e-07,-1.5961381383401897e-07,-7.5338902866194e-07
2762,Zakharov Function,2.4458464577936667e-11,100000,100000,3.187020515961252e-06,2.4458464577936667e-11,3.187020515961252e-06,-9.270875197947085e-07,-1.774347102659004e-06,8.461861213209018e-07,1.0912943725519895e-06,-2.152477334880196e-06,-4.940391496895741e-07,1.491709103519285e-07,1.6535729736820469e-06,-2.9192690272161075e-07
2763,Zakharov Function,8.225742604487336e-11,100000,100000,4.423851576094317e-06,8.225742604487336e-11,-4.423851576094317e-06,-1.24559655925029e-06,4.7433778223936886e-07,2.161593919083508e-06,-2.751686952116746e-06,1.7916141626454732e-06,-2.437416272152566e-06,-3.966157003950086e-06,2.6080635287277554e-06,3.0676593922737402e-06
2764,Zakharov Function,1.2980568556657593e-09,100000,100000,1.7672615043453795e-05,1.2980568556657593e-09,-8.452487068681828e-06,1.4065404508672792e-05,3.531806283764598e-06,1.7672615043453795e-05,-1.4019587613843396e-05,2.971262977967652e-06,1.6697657590116555e-05,-5.440939371686901e-06,-1.329908879573277e-05,4.876600366172641e-07
2765,Zakharov Function,4.755111324918185e-08,100000,100000,0.0001316901766031611,4.755111324918185e-08,-1.4224228869929781e-05,-9.03117759289876e-05,1.338833383218786e-05,-3.726344541626347e-05,7.179182471467999e-05,2.3901976313553332e-05,0.0001316901766031611,-9.972117646980474e-05,-4.1524208511394346e-05,1.5400391487894723e-05
2766,Zakharov Function,6.085680298401874e-09,93417,100000,4.3317819401134915e-05,6.085680298401874e-09,1.9711978887559974e-05,3.722175506048189e-05,-4.3317819401134915e-05,-8.557779507267567e-06,-1.6667794008319863e-05,1.5211700854599146e-05,3.0004487431760162e-05,2.1650773590221088e-06,-9.697425678776813e-07,-2.0281080841564187e-05
2767,Zakharov Function,1.8617672985504227e-09,100000,100000,2.5609778624784e-05,1.8617672985504227e-09,1.9513956244418106e-05,1.7602175357384377e-05,9.671407351918682e-06,-7.805719663502804e-06,2.3255478805092176e-06,-2.5609778624784e-05,4.240636354379163e-06,1.6019798453657003e-07,1.1550906454110892e-05,-1.7043434021048623e-06
2768,Zakharov Function,2.1240666300330316e-09,100000,100000,2.568758804699394e-05,2.1240666300330316e-09,2.532562861003499e-05,2.568758804699394e-05,7.586251251954209e-06,-4.52665958928086e-06,-9.80671214549809e-06,1.284106378417182e-05,-1.735457380332502e-05,-6.847259157100382e-06,1.935601617323538e-06,2.715497837993557e-06
2769,Zakharov Function,1.4617013380156166e-13,100000,100000,2.1587727863885805e-07,1.4617013380156166e-13,2.3377384377903546e-08,-1.5680739071437276e-07,8.312304998721705e-08,-9.069632077584261e-08,-8.056775310921123e-08,2.203410344549113e-08,1.8011587172960067e-07,-7.274046716203303e-09,-2.1587727863885805e-07,1.4076001369255626e-07
2770,Zakharov Function,1.7013587090188177e-10,100000,100000,9.340435591532196e-06,1.7013587090188177e-10,-1.9917347805221648e-07,3.403716739780328e-06,-9.340435591532196e-06,2.763671834208813e-06,-1.2651288377580783e-06,4.397019753601358e-08,-2.5510059285915675e-06,4.415349474737597e-06,4.099313352444028e-06,-3.193166953441767e-06
2771,Zakharov Function,8.820818363821743e-11,87867,100000,4.9989094447314075e-06,8.820818363821743e-11,-2.1630780237882375e-06,-4.219075054605017e-06,3.5624598939581576e-06,1.5808308997188181e-06,1.65122716794089e-06,4.9989094447314075e-06,1.7290895069098675e-07,-3.723678823909359e-06,3.8496352816594684e-07,-2.322447927958111e-06
2772,Zakharov Function,1.2911691840505548e-09,100000,100000,2.235915420296351e-05,1.2911691840505548e-09,-7.163622134348128e-06,-6.978047243973037e-06,4.603961281221195e-06,-5.645776988951318e-06,3.221662356093955e-06,-6.320872544659053e-06,1.7374075518688735e-05,-2.712829269636176e-06,-2.235915420296351e-05,1.3280127631500629e-05
2773,Zakharov Function,1.143585559325046e-13,100000,100000,1.846462184353998e-07,1.143585559325046e-13,-8.861652299841168e-08,2.4773403791778115e-09,-1.2463497700703246e-07,-5.798030995194981e-08,-1.1531629940188815e-08,1.2335579321231955e-07,1.774067409477274e-07,-1.846462184353998e-07,1.2516608339341899e-08,2.8120358096039727e-08
2774,Zakharov Function,2.5320170840700224e-11,100000,100000,3.1702757525538893e-06,2.5320170840700224e-11,1.566681327893741e-06,-3.1702757525538893e-06,-3.716242676679706e-07,9.337626547059741e-07,-2.73809983367981e-06,1.8413523672154034e-08,1.214663986989102e-06,2.1894528503224907e-07,-2.6626768394916487e-07,4.719652221344154e-07
2775,Zakharov Function,2.0635121622109414e-09,100000,100000,2.3079119065858532e-05,2.0635121622109414e-09,2.3079119065858532e-05,-1.3733221605689611e-05,-1.1677512040293212e-05,1.3128559257023514e-05,-3.61633145038614e-07,-1.2472277762341333e-05,-5.160349901845387e-07,-4.081289019395121e-06,1.681209227497929e-06,2.6329455251655684e-06
2776,Zakharov Function,1.9038770278402312e-10,100000,100000,8.851760094093515e-06,1.9038770278402312e-10,1.0104879721884465e-06,-6.549017251915525e-06,8.851760094093515e-06,-1.855425277739283e-06,-4.3219152975072567e-07,-2.6239671449350753e-06,5.432604269300302e-06,3.187331450844457e-07,-4.695835010155694e-06,7.932813745990497e-07
2777,Zakharov Function,9.340988010439066e-08,100000,100000,0.00018311007938524924,9.340988010439066e-08,0.00018311007938524924,-3.43597562125855e-05,-9.890081599517488e-05,4.603698564946518e-05,8.429721149206903e-06,-8.148185471380001e-05,-8.641391406941388e-05,1.8671048168498552e-05,0.00016637479880662756,-5.0701081466439214e-05
2778,Zakharov Function,3.765160058454152e-08,100000,100000,9.641510327967143e-05,3.765160058454152e-08,9.641510327967143e-05,-8.970570005410215e-05,2.899846853206431e-05,4.4255886748756965e-05,-6.99953135577304e-05,-1.313335689983145e-05,-3.5322239098511326e-05,9.172014347636089e-07,-4.912322140665168e-05,8.518089412591775e-05
2779,Zakharov Function,5.298720912238362e-10,100000,100000,1.417909765717511e-05,5.298720912238362e-10,6.887350940959127e-06,1.343800525759214e-07,7.497526597380057e-07,-2.50561703369708e-06,-4.387992602618138e-06,1.1948090858230626e-05,-1.9582611268362318e-06,9.729425148562087e-06,3.4784477429474557e-06,-1.417909765717511e-05
2780,Zakharov Function,1.9553130034328606e-08,100000,100000,8.370603567985405e-05,1.9553130034328606e-08,8.370603567985405e-05,-5.7734069371317596e-05,4.1514066024073533e-05,5.8862714147936255e-06,3.088907221542175e-05,-4.982121238418516e-05,-4.873418579313078e-05,1.2194909774538594e-05,-8.722447082845546e-06,3.6712129118474454e-05
2781,Zakharov Function,6.497790471682104e-08,84581,100000,0.00012914068147715213,6.497790471682104e-08,-0.00011221539469684824,-0.00011763500581980869,3.79092677947837e-05,7.078626633267154e-05,-1.6544138967525133e-05,-7.861513842949208e-05,-7.396674262148423e-05,1.2849360238546548e-05,0.00012914068147715213,-3.361297724788245e-05
2782,Zakharov Function,9.876181772445041e-10,100000,100000,1.85976783492505e-05,9.876181772445041e-10,-1.6032349345671877e-06,5.273199864622178e-06,-1.7222238938861845e-05,-4.97385407188622e-06,1.85976783492505e-05,1.0818978846943906e-05,5.4264565298706565e-06,-2.6210719996357143e-06,-9.90846494663926e-06,-1.0910971664994806e-06
2783,Zakharov Function,2.97542970583878e-12,82828,100000,8.795232112400626e-07,2.97542970583878e-12,-6.972379811180128e-07,1.0328623536474567e-07,8.795232112400626e-07,1.255005026820371e-07,7.702177675196204e-08,3.2838720129555886e-07,-8.785077737659777e-07,4.264495584381054e-07,-6.014263098819939e-07,2.227713452723745e-07
2784,Zakharov Function,2.8203586221565253e-05,100000,100000,0.002613304037472333,2.8203586221565253e-05,0.0003222224802110125,0.0010409629935026993,-0.002613304037472333,0.002360731380429636,0.0014694376756569658,0.0008981784355742534,0.00030994489223442267,-0.00048166601319432807,-0.002450983669187002,0.0002414806019903834
2785,Zakharov Function,6.368306527423672e-09,100000,100000,3.9439242660486445e-05,6.368306527423672e-09,-2.5133146974029286e-05,7.912730446400592e-06,1.6924341597571643e-05,-9.771061140074247e-06,-2.1640913267164553e-05,3.7274984075034225e-05,2.1105296327558664e-05,3.273570096342402e-05,-3.9439242660486445e-05,-1.4879352942528516e-05
2786,Zakharov Function,3.6067921379282436e-10,100000,100000,1.2302649868212539e-05,3.6067921379282436e-10,2.1629195298573516e-06,-5.680066595447789e-06,-7.3776449924208645e-06,-7.344641812910028e-06,-4.944442500159564e-06,1.2302649868212539e-05,-2.00068912395513e-06,3.0768889765884604e-06,5.232637918431757e-07,6.377275227926841e-07
2787,Zakharov Function,6.222173885940995e-11,100000,100000,5.589881963511479e-06,6.222173885940995e-11,-2.931777679984463e-06,1.989633205311751e-06,-2.8656717817331023e-07,-3.56721097284402e-07,1.4081438323442752e-06,2.0929150218112577e-06,2.9069557486276364e-06,-5.589881963511479e-06,-9.98644995398418e-07,1.346623587078814e-06
2788,Zakharov Function,3.697801807036353e-07,100000,100000,0.00033024365232478254,3.697801807036353e-07,-0.00013251245809936955,7.028986625116106e-05,-0.00033024365232478254,-0.0002822001811572456,-9.183874216197746e-05,0.00030068775536704024,-1.2868661178808643e-05,0.00022113195109487046,-3.097724259517657e-05,-4.592839796022143e-05
2789,Zakharov Function,1.5567986546059239e-09,100000,100000,3.302653864037917e-05,1.5567986546059239e-09,3.302653864037917e-05,-1.3888613969317664e-06,1.7294267408886222e-06,-6.708331456822696e-08,-1.9919121770815506e-06,-1.1514948111593496e-05,-6.2111359269740004e-06,-5.5897340272544986e-06,1.3346405406236903e-05,2.8509494619595014e-06
2790,Zakharov Function,6.216239786534425e-10,100000,100000,1.5164044747307651e-05,6.216239786534425e-10,-1.5164044747307651e-05,-1.3083622562770755e-05,2.169896321696642e-06,8.490419339699787e-08,-2.825609741362826e-06,-1.08841578277465e-05,3.0186868810223347e-06,3.7032341547242237e-06,7.92798181303051e-06,-1.127811689210004e-06
2791,Zakharov Function,4.727902229930333e-10,100000,100000,9.510859547464335e-06,4.727902229930333e-10,-8.539484230079818e-06,3.916761399447182e-06,8.022968251639194e-06,-8.0767726913759e-06,-6.992892786926453e-06,5.969724863237486e-07,8.446000190787844e-06,5.708990368046571e-06,3.350086872741503e-06,-9.510859547464335e-06
2792,Zakharov Function,2.311190042159358e-10,100000,100000,7.302227212872102e-06,2.311190042159358e-10,-5.816961940758785e-06,-1.5714166140589486e-06,-1.1919971587435414e-06,7.302227212872102e-06,-4.421364624166622e-06,-1.33969232355665e-07,-4.8293887594182076e-06,-5.041157842122312e-06,2.8720322529060503e-06,4.083593111576361e-06
2793,Zakharov Function,2.3950575600565512e-11,93782,100000,1.875449469812234e-06,2.3950575600565512e-11,-1.6382124210356816e-06,1.6437617153212753e-06,1.8158144825522395e-06,-8.801201375068983e-08,2.604774154025735e-07,1.6236317744590322e-06,-1.3969103370725355e-07,1.567713332522289e-06,-1.875449469812234e-06,-7.580123108778283e-07
2794,Zakharov Function,1.0758687993086687e-11,100000,100000,2.219622999418798e-06,1.0758687993086687e-11,-7.960326673822195e-07,-2.9442665772066973e-07,-7.193079755794267e-07,4.0782312666177146e-07,-1.5615450322657258e-06,-1.393970440003123e-08,9.588483138387473e-08,-1.3061930990505693e-06,2.219622999418798e-06,-1.4037902569689255e-07
2795,Zakharov Function,1.2506464427451702e-09,100000,100000,2.048729381592286e-05,1.2506464427451702e-09,-2.048729381592286e-05,6.722956542639118e-07,-2.0392277844728213e-06,-1.9119453277211377e-05,-1.5273490890585113e-05,8.310378841941402e-06,6.653893824428825e-06,4.024564184516715e-06,3.3962159946692407e-06,3.128396530663523e-08
2796,Zakharov Function,2.266180725296212e-09,98720,100000,1.8958128044778906e-05,2.266180725296212e-09,-1.0221304365179594e-05,-1.1124490398546421e-07,1.6801172973859375e-05,3.128708912024828e-07,-1.858235690508057e-05,-1.1332133758162149e-05,1.8958128044778906e-05,-4.796630013423217e-06,5.9342833756219835e-06,-8.837667885479068e-06
2797,Zakharov Function,1.1382671101197091e-12,99856,100000,5.811874067600667e-07,1.1382671101197091e-12,1.57130932448201e-07,-1.8735232433448683e-07,-4.5783376760869045e-07,3.9872434207135165e-08,5.811874067600667e-07,-4.405495149509314e-07,-1.2210016960847087e-07,-3.2475318644326405e-07,-8.613594941087707e-09,4.417813449643103e-07
2798,Zakharov Function,1.8875523099376623e-09,96345,100000,3.25884671759164e-05,1.8875523099376623e-09,4.95761304143703e-06,-6.83819921492454e-06,3.25884671759164e-05,1.4643029880121391e-05,1.1501984438051327e-06,-6.6356722493488e-06,2.739424153727517e-06,-1.6471196609601208e-05,1.0898109531804804e-05,-9.211498824326075e-06
2799,Zakharov Function,1.330279590412947e-08,100000,100000,6.137844755582491e-05,1.330279590412947e-08,-6.137844755582491e-05,2.315872455792013e-05,1.4124814775209665e-05,2.973173752367749e-05,1.1711372936115053e-05,-2.2054978883093354e-05,-5.863209192475628e-05,-2.0983053529618e-05,1.2139467364882242e-05,2.9916607143156303e-05
